3317428 3327978 0 3247429 3309969 ENSMUSG00000020671.8
3398423 3398818 0 3365131 3406494 ENSMUSG00000020668.9
3577255 3580713 0 3572380 3781796 ENSMUSG00000071454.13
3784389 3784815 0 3572380 3781796 ENSMUSG00000071454.13
3950640 3952360 0 3954950 3960618 ENSMUSG00000020660.5
4032803 4036690 0 3962553 4038915 ENSMUSG00000020658.9
4043328 4048123 0 3962553 4038915 ENSMUSG00000020658.9
4809834 4810514 0 4817607 4827658 ENSMUSG00000037361.7
4819621 4820164 0 4817607 4827658 ENSMUSG00000037361.7
4835084 4835131 0 4833174 4841595 ENSMUSG00000020635.7
4846907 4847227 0 4843302 4856925 ENSMUSG00000051721.4
4876516 4881328 0 4879031 4907705 ENSMUSG00000020634.12
5236784 5237053 0 5077471 5375682 ENSMUSG00000020627.9
5372687 5373212 0 5077471 5375682 ENSMUSG00000020627.9
8317562 8319982 0 8313432 8343824 ENSMUSG00000020605.8
8344935 8345170 0 8313432 8343824 ENSMUSG00000020605.8
8575607 8586446 0 8528482 8599066 ENSMUSG00000020600.13
8754792 8758719 0 8674133 8752581 ENSMUSG00000020594.14
8844608 8844972 0 8873186 8877459 ENSMUSG00000042976.5
8886662 8892661 0 8873186 8877459 ENSMUSG00000042976.5
8905612 8906166 0 8921663 8938742 ENSMUSG00000020585.4
9545260 9557264 0 9565235 9570585 ENSMUSG00000099360.1
9585943 9586441 0 9574441 9581499 ENSMUSG00000048387.7
10443265 10452251 1 10390779 10395562 ENSMUSG00000020621.5
11165840 11167509 0 11090201 11150842 ENSMUSG00000043673.10
11190558 11193982 0 11208381 11208948 ENSMUSG00000047002.1
11262252 11263881 1 11240925 11265787 ENSMUSG00000051235.8
12187794 12190101 0 12262138 12376359 ENSMUSG00000020589.16
12407377 12410681 0 12262138 12376359 ENSMUSG00000020589.16
12689190 12690337 0 12682513 12682618 ENSMUSG00000098314.1
12982488 12989701 0 12936095 12941914 ENSMUSG00000037169.14
13008407 13018496 0 12936095 12941914 ENSMUSG00000037169.14
13133516 13142318 1 13163628 13163763 ENSMUSG00000064717.1
16048132 16051658 0 15817002 15888155 ENSMUSG00000097580.1
16173420 16181679 0 15817002 15888155 ENSMUSG00000097580.1
16514030 16514694 0 16535668 16589770 ENSMUSG00000020593.14
16629533 16634031 0 16653469 16660236 ENSMUSG00000020591.10
16648530 16651702 1 16653469 16660236 ENSMUSG00000020591.10
16801227 16803016 0 16670614 16800886 ENSMUSG00000036523.16
16830589 16831015 0 16810964 16826743 ENSMUSG00000057469.7
17250552 17251153 0 17266544 17284770 ENSMUSG00000020571.12
17258185 17262566 0 17266544 17284770 ENSMUSG00000020571.12
17268288 17268292 0 17266544 17284770 ENSMUSG00000020571.12
17320138 17322614 0 17284720 17329359 ENSMUSG00000020566.18
17472809 17475453 0 17348457 17430094 ENSMUSG00000061458.8
17546785 17547237 0 17544872 17551502 ENSMUSG00000011179.7
18390998 18391294 0 18514737 18534191 ENSMUSG00000073197.8
18606018 18610293 0 18514737 18534191 ENSMUSG00000073197.8
19664062 19665186 0 19606928 19607264 ENSMUSG00000095254.1
20203776 20206341 0 20071881 20072217 ENSMUSG00000096529.1
20293692 20300813 0 20415937 20433699 ENSMUSG00000073184.3
20416986 20421189 0 20415937 20433699 ENSMUSG00000073184.3
20974670 20983619 0 20990458 21200919 ENSMUSG00000090370.3
21056582 21056885 0 20990458 21200919 ENSMUSG00000090370.3
21066737 21068501 0 20990458 21200919 ENSMUSG00000090370.3
21381103 21381745 0 21323508 21373632 ENSMUSG00000052593.15
21409266 21410427 0 21390070 21417637 ENSMUSG00000076432.12
21508688 21511369 0 21543306 21554521 ENSMUSG00000109975.1
21531130 21543972 0 21543306 21554521 ENSMUSG00000109975.1
21924581 21925245 0 22040912 22041022 ENSMUSG00000094691.1
23004371 23006964 0 22953996 23010284 ENSMUSG00000073164.11
23016862 23025953 0 22953996 23010284 ENSMUSG00000073164.11
24564902 24566460 0 24572286 24617391 ENSMUSG00000020656.15
24677129 24677439 0 24665837 24681813 ENSMUSG00000062563.14
24690960 24691541 0 24665837 24681813 ENSMUSG00000062563.14
24752759 24758756 0 24779017 24779146 ENSMUSG00000089203.1
24837932 24837950 0 24831598 24960301 ENSMUSG00000020646.16
25126486 25126839 0 25093800 25096092 ENSMUSG00000020644.8
25674807 25679960 0 25687800 25687906 ENSMUSG00000089441.1
26430773 26449718 0 26442752 26456452 ENSMUSG00000020641.15
26790738 26800964 0 26469203 26479835 ENSMUSG00000020638.7
26908559 26908609 0 27140795 27160633 ENSMUSG00000094002.2
26957671 26958171 0 27140795 27160633 ENSMUSG00000094002.2
26992061 26996084 0 27140795 27160633 ENSMUSG00000094002.2
27319185 27320683 0 27334263 27342574 ENSMUSG00000063632.6
27321705 27324815 0 27334263 27342574 ENSMUSG00000063632.6
28492494 28498853 0 28437794 28552303 ENSMUSG00000020633.13
28520930 28535871 0 28437794 28552303 ENSMUSG00000020633.13
28543512 28546165 0 28437794 28552303 ENSMUSG00000020633.13
28572176 28575241 2 28553754 28582523 ENSMUSG00000020636.14
28655401 28658783 0 28649601 28659591 ENSMUSG00000020630.8
28663508 28664181 0 28649601 28659591 ENSMUSG00000020630.8
29279016 29280088 0 29035179 29035294 ENSMUSG00000089583.1
29294718 29294781 0 29528383 29923209 ENSMUSG00000061911.14
30887328 30887778 0 30884321 30893854 ENSMUSG00000054204.6
31105735 31111532 0 31073967 31079937 ENSMUSG00000036136.8
31125711 31126007 1 31073967 31079937 ENSMUSG00000036136.8
31265885 31265937 0 31265233 31329644 ENSMUSG00000002900.15
31370646 31370999 0 31331563 31351437 ENSMUSG00000020664.9
31411809 31414023 0 31390870 31473917 ENSMUSG00000001225.12
31495955 31496244 0 31484828 31499616 ENSMUSG00000020659.15
31947510 31947724 0 31926253 31950535 ENSMUSG00000002996.17
31956046 31956675 0 31958475 32061296 ENSMUSG00000002997.15
32170335 32173093 0 32173472 32208659 ENSMUSG00000020573.16
32373667 32374951 0 32378703 32382943 ENSMUSG00000090946.3
33178300 33178933 0 33147692 33375659 ENSMUSG00000020564.16
33266452 33266690 0 33147692 33375659 ENSMUSG00000020564.16
33298606 33299137 0 33147692 33375659 ENSMUSG00000020564.16
33309573 33312493 0 33147692 33375659 ENSMUSG00000020564.16
33322616 33327044 0 33147692 33375659 ENSMUSG00000020564.16
33697689 33715384 0 33928424 33929310 ENSMUSG00000046518.3
33726434 33736788 0 33928424 33929310 ENSMUSG00000046518.3
33916898 33924597 0 33928424 33929310 ENSMUSG00000046518.3
33941190 33944866 0 33928424 33929310 ENSMUSG00000046518.3
33946543 33946789 0 33957670 33959817 ENSMUSG00000035799.5
34299199 34324972 0 34047579 34917095 ENSMUSG00000004698.10
34994081 34997189 0 35000336 35000557 ENSMUSG00000089043.1
35534896 35541482 0 35497973 35535038 ENSMUSG00000019256.17
35959249 35962292 0 35925619 35949736 ENSMUSG00000036231.5
36040916 36041117 0 36014556 36042500 ENSMUSG00000020577.15
36062033 36066101 0 36014556 36042500 ENSMUSG00000020577.15
36097399 36097615 0 36091845 36156825 ENSMUSG00000020547.4
36237131 36244929 1 36208344 36253398 ENSMUSG00000020545.11
36264589 36265599 0 36208344 36253398 ENSMUSG00000020545.11
36307591 36308741 0 36314168 36318452 ENSMUSG00000036169.5
36387188 36389651 0 36381518 36689444 ENSMUSG00000043153.5
36549316 36589605 2 36381518 36689444 ENSMUSG00000043153.5
36695370 36707845 0 36381518 36689444 ENSMUSG00000043153.5
36721515 36736997 0 36381518 36689444 ENSMUSG00000043153.5
36890228 36938844 1 37001838 37001939 ENSMUSG00000105215.1
37102834 37105227 0 37098549 37106789 ENSMUSG00000101067.1
37112507 37115116 0 37108539 37179534 ENSMUSG00000036144.6
38750999 38751374 0 38779379 38868215 ENSMUSG00000004151.16
38790152 38794014 0 38779379 38868215 ENSMUSG00000004151.16
38893953 38896529 0 38779379 38868215 ENSMUSG00000004151.16
38910421 38921778 0 38779379 38868215 ENSMUSG00000004151.16
39959409 39963302 0 40005446 40038025 ENSMUSG00000047446.18
40219278 40220502 0 40201566 40248504 ENSMUSG00000001627.11
40224074 40224478 0 40201566 40248504 ENSMUSG00000001627.11
40224074 40224478 0 40222757 40229184 ENSMUSG00000035983.4
40244926 40245108 0 40201566 40248504 ENSMUSG00000001627.11
40262178 40263011 0 40201566 40248504 ENSMUSG00000001627.11
40951750 40955174 0 41024089 41955588 ENSMUSG00000056899.10
41449675 41479221 0 41024089 41955588 ENSMUSG00000056899.10
41449675 41479221 0 41451672 41485751 ENSMUSG00000036295.4
41501333 41502610 0 41024089 41955588 ENSMUSG00000056899.10
44162597 44163166 0 44205896 44210068 ENSMUSG00000014905.3
44261868 44263411 0 44221369 44312343 ENSMUSG00000036257.14
44324549 44324992 0 44328884 44601846 ENSMUSG00000020598.15
44348696 44351666 0 44328884 44601846 ENSMUSG00000020598.15
46816392 46816734 0 46694516 46818775 ENSMUSG00000021047.6
48039378 48077840 1 48554181 48559971 ENSMUSG00000091277.1
48618311 48663963 2 48554181 48559971 ENSMUSG00000091277.1
49403832 49405451 0 49389651 49407360 ENSMUSG00000104861.1
50975876 50978514 2 51085686 51085803 ENSMUSG00000088966.1
51011157 51012596 0 51085686 51085803 ENSMUSG00000088966.1
51049241 51050342 0 51085686 51085803 ENSMUSG00000088966.1
51078334 51079200 0 51085686 51085803 ENSMUSG00000088966.1
51266285 51271759 0 51297486 51297960 ENSMUSG00000046620.4
51546992 51547258 0 51593340 51605773 ENSMUSG00000020953.16
51580454 51582348 0 51593340 51605773 ENSMUSG00000020953.16
51603481 51603486 0 51593340 51605773 ENSMUSG00000020953.16
51671261 51681979 0 51608540 51691914 ENSMUSG00000020954.15
51873366 51875675 0 51875872 51971321 ENSMUSG00000035181.5
52005643 52008296 0 51988311 52006501 ENSMUSG00000020956.14
52018191 52024207 0 52023002 52028063 ENSMUSG00000035148.4
52048737 52067113 0 52023002 52028063 ENSMUSG00000035148.4
52340553 52341976 0 52097736 52312744 ENSMUSG00000035142.18
52628423 52629124 0 52604484 52604591 ENSMUSG00000064489.1
52923723 52926134 2 52699382 53151015 ENSMUSG00000061603.7
53165448 53173717 0 52699382 53151015 ENSMUSG00000061603.7
53181676 53183523 0 52699382 53151015 ENSMUSG00000061603.7
53234384 53238996 0 53248676 54072175 ENSMUSG00000021010.7
54399543 54401814 0 54240754 54240900 ENSMUSG00000088386.1
54434594 54434722 0 54240754 54240900 ENSMUSG00000088386.1
54792898 54792929 0 54746348 54795703 ENSMUSG00000005656.8
54826431 54827843 0 54746348 54795703 ENSMUSG00000005656.8
55382517 55384904 0 55299576 55382533 ENSMUSG00000021023.14
55382517 55384904 0 55384221 55418454 ENSMUSG00000021024.14
55559677 55559836 0 55565238 55566896 ENSMUSG00000063129.1
55594419 55597527 0 55598916 55602018 ENSMUSG00000045440.3
55901449 55912277 0 55910820 55910923 ENSMUSG00000065244.1
55922244 55923499 0 55910820 55910923 ENSMUSG00000065244.1
56193188 56197699 0 56252314 56252444 ENSMUSG00000077455.1
56253220 56256039 0 56252314 56252444 ENSMUSG00000077455.1
56312017 56312675 0 56328305 56345894 ENSMUSG00000021028.7
56390246 56398407 0 56373592 56373823 ENSMUSG00000066491.4
56434976 56445878 0 56373592 56373823 ENSMUSG00000066491.4
56551985 56557001 0 56535342 56607476 ENSMUSG00000098172.7
56681004 56681148 0 56689917 56692964 ENSMUSG00000089894.2
56718472 56718875 0 56712633 57197472 ENSMUSG00000035472.13
56916642 56918382 0 56712633 57197472 ENSMUSG00000035472.13
56945651 56948176 1 56712633 57197472 ENSMUSG00000035472.13
56964868 56968585 0 56712633 57197472 ENSMUSG00000035472.13
57122964 57138366 0 56712633 57197472 ENSMUSG00000035472.13
57156862 57160065 0 56712633 57197472 ENSMUSG00000035472.13
57170490 57177091 0 56712633 57197472 ENSMUSG00000035472.13
57219022 57220504 0 57230411 57239882 ENSMUSG00000079104.4
57504979 57514411 0 57519042 57520624 ENSMUSG00000084793.1
58570301 58596624 1 58264719 58269258 ENSMUSG00000045930.2
58909734 58911688 2 58953094 58968011 ENSMUSG00000097443.1
61514049 61514854 0 61523149 61858342 ENSMUSG00000035653.16
64698263 64708847 0 64736401 64736532 ENSMUSG00000077703.1
64895213 64901423 0 64917910 64924591 ENSMUSG00000047227.4
64920473 64920863 0 64917910 64924591 ENSMUSG00000047227.4
65079081 65079976 0 65075605 65132058 ENSMUSG00000055884.7
65198926 65208945 0 65225516 65228454 ENSMUSG00000035560.4
65208995 65211744 0 65225516 65228454 ENSMUSG00000035560.4
65260215 65261683 0 65225516 65228454 ENSMUSG00000035560.4
66285620 66297471 0 66283378 66284401 ENSMUSG00000060499.7
67059318 67095127 1 66469567 67222549 ENSMUSG00000034912.16
67096572 67142607 0 66469567 67222549 ENSMUSG00000034912.16
67157223 67171033 2 66469567 67222549 ENSMUSG00000034912.16
67210396 67218441 0 66469567 67222549 ENSMUSG00000034912.16
67223655 67224817 0 66469567 67222549 ENSMUSG00000034912.16
69103072 69105236 0 69141429 69142066 ENSMUSG00000083191.1
69394293 69399823 0 69372149 69375979 ENSMUSG00000044147.7
69417133 69417458 0 69372149 69375979 ENSMUSG00000044147.7
69443138 69445474 0 69372149 69375979 ENSMUSG00000044147.7
69889190 69889236 0 69803749 69893200 ENSMUSG00000034761.15
69894661 69894705 0 69893104 69964085 ENSMUSG00000021066.8
69996487 69996827 0 69994789 69994892 ENSMUSG00000089153.1
70088530 70101700 0 70011434 70111925 ENSMUSG00000021068.15
70291904 70304692 0 70244538 70347614 ENSMUSG00000021071.15
70323800 70324540 0 70244538 70347614 ENSMUSG00000021071.15
70369623 70376069 0 70244538 70347614 ENSMUSG00000021071.15
70523014 70523571 0 70453094 70468040 ENSMUSG00000021072.12
70552025 70552403 0 70453094 70468040 ENSMUSG00000021072.12
70580846 70582938 0 70673645 70673746 ENSMUSG00000088068.1
70601308 70602953 0 70673645 70673746 ENSMUSG00000088068.1
70638145 70645072 0 70673645 70673746 ENSMUSG00000088068.1
70678022 70679347 0 70673645 70673746 ENSMUSG00000088068.1
70734606 70735718 0 70673645 70673746 ENSMUSG00000088068.1
70749481 70750100 0 70825513 70902232 ENSMUSG00000048285.8
70814698 70815018 1 70825513 70902232 ENSMUSG00000048285.8
70909421 70911569 0 70825513 70902232 ENSMUSG00000048285.8
70977264 70977320 0 70974620 70996347 ENSMUSG00000060073.9
71132562 71134430 0 71123172 71136675 ENSMUSG00000021079.15
71139345 71139715 0 71136847 71243303 ENSMUSG00000034601.16
71266365 71267650 0 71136847 71243303 ENSMUSG00000034601.16
71313840 71316420 0 71309883 71320107 ENSMUSG00000044548.11
71332346 71334451 0 71317620 71321660 ENSMUSG00000087109.1
71354049 71354943 0 71383153 71384208 ENSMUSG00000100668.1
71377287 71389431 0 71383153 71384208 ENSMUSG00000100668.1
71466573 71467793 0 71383153 71384208 ENSMUSG00000100668.1
71487759 71494719 0 71383153 71384208 ENSMUSG00000100668.1
71595971 71596039 0 71724651 71724954 ENSMUSG00000084463.1
71608350 71612182 0 71724651 71724954 ENSMUSG00000084463.1
71694435 71700335 0 71724651 71724954 ENSMUSG00000084463.1
71819763 71819880 0 71831077 71992367 ENSMUSG00000034574.9
72267529 72268662 0 72211751 72409054 ENSMUSG00000021087.17
72317676 72317868 0 72211751 72409054 ENSMUSG00000021087.17
72336823 72339124 0 72211751 72409054 ENSMUSG00000021087.17
72380347 72384864 0 72211751 72409054 ENSMUSG00000021087.17
72396056 72397061 0 72211751 72409054 ENSMUSG00000021087.17
72404251 72404912 0 72211751 72409054 ENSMUSG00000021087.17
72415598 72416298 0 72211751 72409054 ENSMUSG00000021087.17
72537333 72537597 0 72536356 72580213 ENSMUSG00000034501.6
72709804 72713595 0 72650355 72664828 ENSMUSG00000021094.9
72808693 72817327 0 72761210 72794940 ENSMUSG00000021096.10
72844487 72845138 0 72881108 72940774 ENSMUSG00000021098.14
73070899 73074641 0 73040014 73053887 ENSMUSG00000051367.8
73103144 73103860 0 73099608 73113456 ENSMUSG00000034460.9
73422795 73423739 0 73364074 73371445 ENSMUSG00000056359.5
73429699 73436080 0 73364074 73371445 ENSMUSG00000056359.5
73459945 73460935 0 73543113 73546395 ENSMUSG00000034435.5
73488392 73489577 0 73543113 73546395 ENSMUSG00000034435.5
73549058 73549622 0 73543113 73546395 ENSMUSG00000034435.5
73668911 73669912 0 73584796 73778185 ENSMUSG00000021108.17
73695264 73699231 0 73584796 73778185 ENSMUSG00000021108.17
73723316 73723418 0 73584796 73778185 ENSMUSG00000021108.17
73854361 73859494 0 73901374 73947530 ENSMUSG00000021109.13
73902334 73903127 0 73901374 73947530 ENSMUSG00000021109.13
73961056 73961130 0 73961141 73961447 ENSMUSG00000066457.6
74303985 74305296 0 74297473 74300468 ENSMUSG00000029878.5
74344116 74350448 1 74315109 74316394 ENSMUSG00000079061.3
74365823 74367278 0 74315109 74316394 ENSMUSG00000079061.3
75303464 75305391 0 75308321 75401456 ENSMUSG00000046768.13
75349554 75351874 0 75308321 75401456 ENSMUSG00000046768.13
75379583 75379594 0 75308321 75401456 ENSMUSG00000046768.13
75385644 75386165 0 75308321 75401456 ENSMUSG00000046768.13
75742310 75742483 0 75714247 75735729 ENSMUSG00000021054.5
75816239 75816895 0 75818133 76110926 ENSMUSG00000063450.14
76201472 76205094 0 76198691 76246746 ENSMUSG00000021056.7
76372775 76373507 0 76370265 76396950 ENSMUSG00000033454.6
76400493 76400804 0 76402756 76403654 ENSMUSG00000097323.1
76440765 76440817 0 76417598 76439473 ENSMUSG00000052221.7
76459383 76460204 0 76444559 76451336 ENSMUSG00000073000.2
76460820 76463278 0 76444559 76451336 ENSMUSG00000073000.2
76584527 76585679 0 76580487 76710547 ENSMUSG00000021061.15
76651081 76651411 0 76580487 76710547 ENSMUSG00000021061.15
76662133 76662803 0 76580487 76710547 ENSMUSG00000021061.15
76731861 76733679 0 76580487 76710547 ENSMUSG00000021061.15
76750842 76750852 0 76765537 76783180 ENSMUSG00000090258.7
77042210 77047535 0 77116364 77116432 ENSMUSG00000093114.1
77149221 77157369 0 77116364 77116432 ENSMUSG00000093114.1
77747131 77752401 0 77814679 77814809 ENSMUSG00000077707.1
77768798 77772522 0 77814679 77814809 ENSMUSG00000077707.1
77800663 77800763 0 77814679 77814809 ENSMUSG00000077707.1
77830072 77832088 0 77814679 77814809 ENSMUSG00000077707.1
78033678 78055245 1 78165545 78165666 ENSMUSG00000088039.1
78191972 78193370 0 78197173 78209029 ENSMUSG00000099418.2
78853118 78853130 0 78842988 78861638 ENSMUSG00000021114.8
78953299 78958811 0 78961794 79007627 ENSMUSG00000046157.13
79030763 79032163 0 79029162 79081648 ENSMUSG00000060716.6
79041968 79055340 0 79029162 79081648 ENSMUSG00000060716.6
79708167 79712866 0 79297350 79508656 ENSMUSG00000059060.13
79719852 79726898 0 79297350 79508656 ENSMUSG00000059060.13
79766447 79771505 0 79963567 79963872 ENSMUSG00000101696.1
79861197 79863487 0 79963567 79963872 ENSMUSG00000101696.1
80067987 80068411 0 80107759 80113013 ENSMUSG00000021127.6
80118476 80118657 0 80120547 80132844 ENSMUSG00000097729.1
80129819 80129906 0 80120547 80132844 ENSMUSG00000097729.1
80162889 80164072 0 80167541 80260371 ENSMUSG00000015143.14
80258156 80258376 0 80167541 80260371 ENSMUSG00000015143.14
80302973 80303190 0 80335846 80436601 ENSMUSG00000049106.6
80318013 80318758 0 80335846 80436601 ENSMUSG00000049106.6
80336439 80336894 0 80335846 80436601 ENSMUSG00000049106.6
80525875 80528535 0 80518989 80603896 ENSMUSG00000021130.7
80646912 80647853 0 80644214 80683341 ENSMUSG00000048833.8
80696368 80697751 0 80692590 80724214 ENSMUSG00000066438.6
80909753 80914423 0 80911476 80911583 ENSMUSG00000065115.1
81006262 81007486 0 81026807 81186414 ENSMUSG00000021136.13
81087972 81088115 0 81026807 81186414 ENSMUSG00000021136.13
81205385 81211517 0 81197914 81333180 ENSMUSG00000079055.10
81266233 81268549 1 81197914 81333180 ENSMUSG00000079055.10
81300719 81307603 0 81197914 81333180 ENSMUSG00000079055.10
81530269 81530857 0 81358859 81532905 ENSMUSG00000021139.17
81530269 81530857 0 81497940 81532911 ENSMUSG00000090935.10
81550222 81557969 0 81532967 81557458 ENSMUSG00000091947.1
81638277 81650091 0 81631368 81664941 ENSMUSG00000042734.5
81747836 81748530 0 81714949 81781170 ENSMUSG00000042724.7
81786886 81787092 0 81714949 81781170 ENSMUSG00000042724.7
81831101 81836940 0 81860029 82000924 ENSMUSG00000021140.8
81839934 81853908 0 81860029 82000924 ENSMUSG00000021140.8
82467071 82469960 0 82170015 82451782 ENSMUSG00000042700.15
82510050 82510073 0 82495418 82496537 ENSMUSG00000094374.1
82549972 82560318 0 82543946 82544189 ENSMUSG00000091668.2
82623088 82624505 0 82588291 83162056 ENSMUSG00000021219.16
82833014 82846223 0 82588291 83162056 ENSMUSG00000021219.16
82862503 82863598 0 82588291 83162056 ENSMUSG00000021219.16
83030500 83032122 0 82588291 83162056 ENSMUSG00000021219.16
83052637 83055348 0 82588291 83162056 ENSMUSG00000021219.16
83063141 83064432 0 82588291 83162056 ENSMUSG00000021219.16
83063141 83064432 0 83063391 83098874 ENSMUSG00000102029.1
83077066 83084445 0 82588291 83162056 ENSMUSG00000021219.16
83077066 83084445 0 83063391 83098874 ENSMUSG00000102029.1
83119189 83123692 0 82588291 83162056 ENSMUSG00000021219.16
83119189 83123692 0 83121314 83122116 ENSMUSG00000104380.1
83119189 83123692 0 83122213 83123155 ENSMUSG00000103387.1
83164345 83165837 0 82588291 83162056 ENSMUSG00000021219.16
83526147 83526197 0 83520465 83541988 ENSMUSG00000021222.8
83606703 83614477 0 83620209 83621174 ENSMUSG00000097703.1
83789757 83790110 0 83763633 83792382 ENSMUSG00000021223.13
84021112 84021783 0 84009501 84017670 ENSMUSG00000072949.5
84056591 84057741 0 84052143 84059565 ENSMUSG00000021228.14
84059349 84060223 0 84052143 84059565 ENSMUSG00000021228.14
84073916 84074182 0 84069324 84076020 ENSMUSG00000042540.12
84357612 84358011 0 84345308 84361833 ENSMUSG00000021234.9
84581807 84583459 0 84569761 84595457 ENSMUSG00000021239.12
84681277 84682379 0 84677277 84698807 ENSMUSG00000071234.2
84701283 84701497 0 84677277 84698807 ENSMUSG00000071234.2
84884216 84888248 0 84875768 84878132 ENSMUSG00000092130.1
85114471 85122743 0 85110832 85134091 ENSMUSG00000004789.9
85365627 85365859 0 85340613 85374717 ENSMUSG00000021248.8
85391438 85399312 0 85340613 85374717 ENSMUSG00000021248.8
85581983 85582953 0 85599104 85639878 ENSMUSG00000034271.15
85680690 85681341 0 85686668 85709087 ENSMUSG00000034266.5
85704306 85705095 0 85686668 85709087 ENSMUSG00000034266.5
86069819 86070002 0 86056743 86079041 ENSMUSG00000021253.6
86084231 86084588 0 86082560 86162458 ENSMUSG00000007867.8
86237334 86237556 0 86241889 86291414 ENSMUSG00000021254.8
86317045 86317617 0 86290760 86306006 ENSMUSG00000097488.1
86339319 86339981 0 86361116 86521628 ENSMUSG00000021255.17
86342298 86342354 0 86361116 86521628 ENSMUSG00000021255.17
86435524 86437740 0 86361116 86521628 ENSMUSG00000021255.17
86521740 86522767 0 86361116 86521628 ENSMUSG00000021255.17
86550044 86552881 0 86361116 86521628 ENSMUSG00000021255.17
86661623 86665915 0 86655124 86655231 ENSMUSG00000075832.1
86724504 86724536 0 86700501 86726460 ENSMUSG00000021257.14
86773604 86773993 0 86734382 86763795 ENSMUSG00000059114.7
86862129 86862621 0 86880702 86884814 ENSMUSG00000034168.6
86903912 86905040 0 86891403 86892567 ENSMUSG00000097208.1
86924298 86924569 0 86947042 86965362 ENSMUSG00000034157.12
86949318 86949491 0 86947042 86965362 ENSMUSG00000034157.12
87018835 87019534 0 87021339 87090043 ENSMUSG00000034145.14
87308132 87309050 0 87305057 87388355 ENSMUSG00000021036.10
87384387 87384767 0 87305057 87388355 ENSMUSG00000021036.10
87411651 87412437 0 87425839 87444017 ENSMUSG00000079036.10
87493464 87493908 0 87514315 87518266 ENSMUSG00000079034.2
87769570 87772249 0 87772424 87775755 ENSMUSG00000095724.1
88351730 88353058 0 88360553 88461719 ENSMUSG00000021044.14
88361487 88361727 0 88360553 88461719 ENSMUSG00000021044.14
88495282 88496788 0 88360553 88461719 ENSMUSG00000021044.14
90722376 90727459 0 90724553 90738438 ENSMUSG00000007682.5
90741437 90741767 0 90738200 90750693 ENSMUSG00000097157.1
91778097 91783952 0 91638541 91788387 ENSMUSG00000020961.14
95700399 95717717 0 95692225 95785215 ENSMUSG00000047414.6
95759753 95785331 0 95692225 95785215 ENSMUSG00000047414.6
97922980 97925262 0 98202303 98259459 ENSMUSG00000021003.9
98062442 98066712 0 98202303 98259459 ENSMUSG00000021003.9
98263991 98264016 0 98202303 98259459 ENSMUSG00000021003.9
98333042 98342161 0 98268634 98276624 ENSMUSG00000021886.6
98350001 98350128 0 98268634 98276624 ENSMUSG00000021886.6
98367049 98374009 0 98433993 98577940 ENSMUSG00000033854.9
98483049 98488218 0 98433993 98577940 ENSMUSG00000033854.9
98497940 98505635 0 98433993 98577940 ENSMUSG00000033854.9
98562885 98571270 0 98433993 98577940 ENSMUSG00000033854.9
98613612 98615969 0 98628156 98669815 ENSMUSG00000021007.13
98737524 98740249 0 98676740 98737405 ENSMUSG00000021009.14
98902330 98902814 0 98786603 98901484 ENSMUSG00000051166.9
99084763 99086155 0 99047229 99047577 ENSMUSG00000062582.5
99129973 99130530 0 99190077 99191484 ENSMUSG00000099597.1
99141842 99144469 0 99190077 99191484 ENSMUSG00000099597.1
99149182 99149969 0 99190077 99191484 ENSMUSG00000099597.1
99156500 99159683 1 99190077 99191484 ENSMUSG00000099597.1
99363915 99364715 0 99194979 99450111 ENSMUSG00000033713.11
99596943 99597235 0 99563840 99620038 ENSMUSG00000097917.1
99604442 99606764 0 99563840 99620038 ENSMUSG00000097917.1
99644629 99645080 0 99626052 99627974 ENSMUSG00000100211.1
100104250 100104437 0 100110185 100123364 ENSMUSG00000021178.8
100215504 100216130 0 100208987 100209814 ENSMUSG00000096947.1
100729493 100730273 0 100549777 100725028 ENSMUSG00000021180.8
100751429 100752155 0 100769022 100769128 ENSMUSG00000064572.1
100777257 100780294 0 100779056 100896981 ENSMUSG00000021185.15
100853602 100855437 0 100779056 100896981 ENSMUSG00000021185.15
101029870 101030845 0 100912699 101028983 ENSMUSG00000021182.14
101091363 101091933 0 101082480 101088927 ENSMUSG00000097121.1
101757621 101757989 0 101746564 101819055 ENSMUSG00000021186.8
101773511 101776575 0 101746564 101819055 ENSMUSG00000021186.8
101777668 101779974 0 101746564 101819055 ENSMUSG00000021186.8
102073769 102075410 0 102127805 102129906 ENSMUSG00000090050.1
102118683 102119514 0 102127805 102129906 ENSMUSG00000090050.1
102125869 102126477 0 102127805 102129906 ENSMUSG00000090050.1
102172724 102172774 0 102128732 102267091 ENSMUSG00000041771.13
102174394 102176104 0 102128732 102267091 ENSMUSG00000041771.13
102195221 102198389 0 102128732 102267091 ENSMUSG00000041771.13
102221685 102222981 0 102128732 102267091 ENSMUSG00000041771.13
102273744 102274890 0 102128732 102267091 ENSMUSG00000041771.13
102284589 102285709 0 102283047 102390855 ENSMUSG00000044456.16
102430441 102431026 0 102394083 102439813 ENSMUSG00000021190.14
102446867 102447425 1 102394083 102439813 ENSMUSG00000021190.14
102455678 102457222 0 102469133 102497902 ENSMUSG00000021192.15
102515981 102516356 0 102469133 102497902 ENSMUSG00000021192.15
102530801 102530939 0 102554968 102565027 ENSMUSG00000021194.5
102535354 102536707 0 102554968 102565027 ENSMUSG00000021194.5
102696836 102699805 0 102568581 102704930 ENSMUSG00000057963.9
102696836 102699805 0 102673016 102727333 ENSMUSG00000096751.3
102740306 102740804 0 102719974 102757765 ENSMUSG00000098530.1
102894829 102897654 0 102899305 102900534 ENSMUSG00000043319.4
102918019 102918356 0 102899305 102900534 ENSMUSG00000043319.4
102953209 102955004 0 102948858 103184065 ENSMUSG00000021198.16
103173195 103174400 0 102948858 103184065 ENSMUSG00000021198.16
103175653 103178623 0 102948858 103184065 ENSMUSG00000021198.16
103197164 103201334 0 103196907 103242150 ENSMUSG00000041669.15
103205928 103217045 0 103196907 103242150 ENSMUSG00000041669.15
103507734 103508993 0 103532282 103613831 ENSMUSG00000021209.12
103964298 103965725 0 103946930 103958975 ENSMUSG00000072849.10
104016309 104025947 0 104021918 104024427 ENSMUSG00000102694.1
104450631 104451908 0 104471208 104473330 ENSMUSG00000021095.5
104531175 104531891 0 104474487 104477489 ENSMUSG00000056606.2
104589390 104590187 0 104687741 104751952 ENSMUSG00000041415.9
104638395 104641416 0 104687741 104751952 ENSMUSG00000041415.9
104749157 104750033 0 104687741 104751952 ENSMUSG00000041415.9
104804142 104805166 0 104763113 104865076 ENSMUSG00000021097.14
105008441 105008626 0 104929948 105009809 ENSMUSG00000054150.11
105045401 105048054 0 105032688 105040910 ENSMUSG00000021102.3
105056120 105057546 0 105032688 105040910 ENSMUSG00000021102.3
105060854 105060950 0 105032688 105040910 ENSMUSG00000021102.3
105113602 105117965 0 105146013 105155225 ENSMUSG00000060863.12
105242513 105242597 0 105216749 105222793 ENSMUSG00000041359.14
105284203 105284609 0 105336593 105383932 ENSMUSG00000097929.7
105326073 105328338 0 105336593 105383932 ENSMUSG00000097929.7
105366418 105367650 0 105336593 105383932 ENSMUSG00000097929.7
105379683 105381825 0 105336593 105383932 ENSMUSG00000097929.7
105435209 105444971 0 105453855 105493095 ENSMUSG00000094910.1
105462365 105463699 0 105453855 105493095 ENSMUSG00000094910.1
105481064 105482511 1 105453855 105493095 ENSMUSG00000094910.1
105797403 105804631 0 105784693 105838944 ENSMUSG00000021111.15
105898658 105899195 1 105865723 105865793 ENSMUSG00000093331.1
105907674 105909465 0 105865723 105865793 ENSMUSG00000093331.1
105911658 105915166 1 105865723 105865793 ENSMUSG00000093331.1
105921463 105928241 0 105865723 105865793 ENSMUSG00000093331.1
105943274 105943310 0 106010262 106077410 ENSMUSG00000021115.14
105971295 105971716 0 106010262 106077410 ENSMUSG00000021115.14
105973440 105973498 0 106010262 106077410 ENSMUSG00000021115.14
105998991 106000914 0 106010262 106077410 ENSMUSG00000021115.14
106012329 106013026 0 106010262 106077410 ENSMUSG00000021115.14
106140811 106142009 0 106010262 106077410 ENSMUSG00000021115.14
106167542 106167784 0 106221074 106221206 ENSMUSG00000077640.1
106190532 106191532 0 106221074 106221206 ENSMUSG00000077640.1
106278010 106280743 0 106327367 106330821 ENSMUSG00000091280.1
106311126 106311695 0 106327367 106330821 ENSMUSG00000091280.1
106312257 106312356 0 106327367 106330821 ENSMUSG00000091280.1
106328032 106329709 0 106327367 106330821 ENSMUSG00000091280.1
106418326 106418533 0 106442652 106447666 ENSMUSG00000092066.1
106566771 106567011 0 106558749 106574924 ENSMUSG00000091583.1
106788240 106790953 0 106837981 106878841 ENSMUSG00000085801.1
106850812 106851571 0 106837981 106878841 ENSMUSG00000085801.1
106865025 106867734 0 106837981 106878841 ENSMUSG00000085801.1
106918909 106920474 0 106886445 106886926 ENSMUSG00000083861.1
106970921 106976298 0 106953811 106955928 ENSMUSG00000086319.1
106977311 107002596 0 106953811 106955928 ENSMUSG00000086319.1
107027100 107032739 1 107079359 107099673 ENSMUSG00000085120.1
107040821 107042344 0 107079359 107099673 ENSMUSG00000085120.1
107106578 107116123 3 107079359 107099673 ENSMUSG00000085120.1
107135256 107135687 0 107129680 107132576 ENSMUSG00000086037.1
107137222 107139782 0 107129680 107132576 ENSMUSG00000086037.1
107148864 107151345 0 107147163 107160207 ENSMUSG00000086060.1
107171522 107174246 0 107183554 107186734 ENSMUSG00000084871.1
107191418 107193205 0 107183554 107186734 ENSMUSG00000084871.1
107204452 107205964 0 107205075 107206066 ENSMUSG00000082362.1
107252431 107253719 0 107205075 107206066 ENSMUSG00000082362.1
107288877 107295421 1 107205075 107206066 ENSMUSG00000082362.1
107333374 107338860 0 107419140 107419429 ENSMUSG00000090607.1
107427126 107427701 0 107419140 107419429 ENSMUSG00000090607.1
107440296 107444119 0 107419140 107419429 ENSMUSG00000090607.1
107526615 107536073 0 107488631 107489636 ENSMUSG00000060375.2
107557021 107558829 0 107612999 107613840 ENSMUSG00000079359.2
107575691 107576823 0 107612999 107613840 ENSMUSG00000079359.2
107604928 107607150 0 107612999 107613840 ENSMUSG00000079359.2
107647706 107650692 2 107612999 107613840 ENSMUSG00000079359.2
107687316 107689483 0 107723739 107735496 ENSMUSG00000085641.1
107730913 107731705 0 107723739 107735496 ENSMUSG00000085641.1
107773379 107779728 0 107744135 107784041 ENSMUSG00000086975.1
107812651 107816754 0 107744135 107784041 ENSMUSG00000086975.1
107904656 107905746 0 107910402 108003602 ENSMUSG00000048251.15
107916226 107917357 0 107910402 108003602 ENSMUSG00000048251.15
107938131 107938146 0 107910402 108003602 ENSMUSG00000048251.15
107985447 107987134 0 107910402 108003602 ENSMUSG00000048251.15
108018438 108020585 0 107910402 108003602 ENSMUSG00000048251.15
108058247 108062387 0 108106430 108179314 ENSMUSG00000056770.15
108318479 108318586 0 108306269 108328300 ENSMUSG00000021260.7
108318479 108318586 0 108313778 108328030 ENSMUSG00000097847.1
108325008 108325485 0 108306269 108328300 ENSMUSG00000021260.7
108325008 108325485 0 108313778 108328030 ENSMUSG00000097847.1
108332276 108332948 0 108334376 108362231 ENSMUSG00000021259.4
108336540 108338950 0 108334376 108362231 ENSMUSG00000021259.4
108368117 108368411 0 108370956 108539617 ENSMUSG00000058070.14
108380318 108381292 0 108370956 108539617 ENSMUSG00000058070.14
108386053 108386431 0 108370956 108539617 ENSMUSG00000058070.14
108471070 108473601 0 108370956 108539617 ENSMUSG00000058070.14
108722215 108722315 0 108721847 108721924 ENSMUSG00000093173.1
108726353 108728300 1 108721847 108721924 ENSMUSG00000093173.1
109058608 109062153 0 109032186 109068217 ENSMUSG00000040867.12
109118387 109119712 0 109032186 109068217 ENSMUSG00000040867.12
109526862 109527064 0 109532441 109532646 ENSMUSG00000098709.1
109941866 109942531 0 109729763 109749460 ENSMUSG00000097391.8
109951555 109952391 0 109729763 109749460 ENSMUSG00000097391.8
110010496 110010948 0 109729763 109749460 ENSMUSG00000097391.8
110039883 110040878 0 110278047 110278129 ENSMUSG00000080356.1
110151038 110153792 0 110278047 110278129 ENSMUSG00000080356.1
110282889 110283118 0 110279067 110281097 ENSMUSG00000075707.5
110400578 110400858 0 110485738 110583061 ENSMUSG00000017843.13
110583511 110589370 0 110485738 110583061 ENSMUSG00000017843.13
110603974 110604870 0 110601451 110666945 ENSMUSG00000018707.13
110670752 110670879 0 110667688 110682619 ENSMUSG00000056508.5
110688454 110689937 0 110690604 110702728 ENSMUSG00000021270.13
111040294 111051212 0 111039350 111115901 ENSMUSG00000037896.17
111138561 111140372 0 111159849 111184491 ENSMUSG00000083193.1
111282054 111283752 0 111284761 111293988 ENSMUSG00000097381.1
111380333 111381055 0 111292971 111377718 ENSMUSG00000021279.4
111394513 111394960 0 111406808 111412090 ENSMUSG00000087075.2
111439521 111441243 0 111442468 111455018 ENSMUSG00000021281.15
111453488 111454664 0 111442468 111455018 ENSMUSG00000021281.15
111660623 111661061 0 111574509 111656227 ENSMUSG00000007411.15
111696280 111699298 0 111709487 111713257 ENSMUSG00000049792.6
111708811 111708916 0 111709487 111713257 ENSMUSG00000049792.6
111714943 111718319 1 111713260 111754980 ENSMUSG00000037787.13
111815993 111816691 0 111814169 111828388 ENSMUSG00000021286.7
111903509 111906112 1 111828457 111908055 ENSMUSG00000021285.14
111927059 111927071 0 111828457 111908055 ENSMUSG00000021285.14
111936556 111937249 0 111961375 111966977 ENSMUSG00000021290.5
111974427 111974715 0 111971558 112068854 ENSMUSG00000054003.13
112138120 112138399 0 112130879 112130955 ENSMUSG00000065574.1
112212439 112213738 1 112146207 112181747 ENSMUSG00000021294.7
112255271 112255576 0 112146207 112181747 ENSMUSG00000021294.7
112400442 112404191 0 112413914 112423212 ENSMUSG00000047828.3
112485005 112485506 0 112489447 112499927 ENSMUSG00000043122.6
112544535 112545617 0 112500183 112511160 ENSMUSG00000054013.5
112580522 112583489 0 112588783 112615556 ENSMUSG00000037679.8
112592289 112594763 0 112588783 112615556 ENSMUSG00000037679.8
112602445 112603286 0 112588783 112615556 ENSMUSG00000037679.8
112621824 112623298 0 112620044 112641354 ENSMUSG00000011148.13
112672505 112672831 0 112653820 112674884 ENSMUSG00000001729.14
112715838 112716444 0 112722173 112746591 ENSMUSG00000072825.10
112784633 112789848 0 112772193 112802657 ENSMUSG00000072812.4
112810013 112810627 0 112808974 112816245 ENSMUSG00000037594.10
112846796 112849767 0 112850875 112860916 ENSMUSG00000021298.7
112941561 112943491 0 112934732 112942118 ENSMUSG00000002804.3
113138967 113139539 1 113140235 113145506 ENSMUSG00000006356.10
113145963 113146206 0 113146315 113153879 ENSMUSG00000006360.11
113224262 113226127 0 113214148 113214252 ENSMUSG00000087842.1
116159732 116163124 0 116152100 116152221 ENSMUSG00000105984.1
116177785 116187715 0 116173312 116173419 ENSMUSG00000065685.1
116478227 116484772 0 116478217 116478281 ENSMUSG00000089468.2
117150647 117151657 0 116485719 117276849 ENSMUSG00000056553.14
117150647 117151657 0 117144529 117151651 ENSMUSG00000099907.1
117157039 117158201 0 116485719 117276849 ENSMUSG00000056553.14
118412203 118412323 0 118504927 118505034 ENSMUSG00000065348.1
118475385 118485805 0 118504927 118505034 ENSMUSG00000065348.1
118666866 118670558 0 118753553 118753752 ENSMUSG00000088797.1
118782326 118784792 0 118753553 118753752 ENSMUSG00000088797.1
