3091707 3098378 22 3082666 3087041 ENSMUSG00000092168.1
3234392 3236616 2 3235503 3250377 ENSMUSG00000079179.9
3306652 3308320 6 3247429 3309969 ENSMUSG00000020671.8
3339975 3357726 31 3343815 3357153 ENSMUSG00000097429.1
3425088 3425420 1 3403877 3427011 ENSMUSG00000071456.6
3536469 3549850 25 3572380 3781796 ENSMUSG00000071454.13
3714071 3734518 46 3572380 3781796 ENSMUSG00000071454.13
3736002 3752651 35 3572380 3781796 ENSMUSG00000071454.13
3736002 3752651 35 3752542 3762146 ENSMUSG00000092286.1
3829317 3838399 34 3806006 3914443 ENSMUSG00000020661.15
3889931 3894570 3 3806006 3914443 ENSMUSG00000020661.15
3916962 3917234 1 3806006 3914443 ENSMUSG00000020661.15
3930384 3930825 9 3806006 3914443 ENSMUSG00000020661.15
3960581 3961470 6 3954950 3960618 ENSMUSG00000020660.5
4007345 4016364 28 3962553 4038915 ENSMUSG00000020658.9
4021398 4026308 16 3962553 4038915 ENSMUSG00000020658.9
4080495 4084043 7 4082573 4110612 ENSMUSG00000020657.15
4122802 4123586 1 4133102 4213525 ENSMUSG00000020654.15
4174965 4184935 48 4133102 4213525 ENSMUSG00000020654.15
4188218 4195748 35 4133102 4213525 ENSMUSG00000020654.15
4230304 4236161 14 4196003 4234294 ENSMUSG00000020652.17
4230304 4236161 14 4234026 4240123 ENSMUSG00000096199.1
4466791 4468741 9 4247362 4477182 ENSMUSG00000020647.9
4518274 4529840 22 4247362 4477182 ENSMUSG00000020647.9
4563126 4566969 11 4592825 4592927 ENSMUSG00000091619.1
4591238 4594043 7 4592825 4592927 ENSMUSG00000091619.1
4591238 4594043 7 4593007 4713950 ENSMUSG00000020640.9
4766988 4771978 7 4746215 4769267 ENSMUSG00000050545.8
4766988 4771978 7 4769294 4778266 ENSMUSG00000020639.13
4867099 4867342 4 4862439 4874359 ENSMUSG00000037336.14
4895581 4895813 3 4879031 4907705 ENSMUSG00000020634.12
4917375 4921837 15 4917403 5044047 ENSMUSG00000052812.4
5061041 5070421 26 5077471 5375682 ENSMUSG00000020627.9
5250276 5252038 10 5077471 5375682 ENSMUSG00000020627.9
5381240 5382411 4 5375869 5416631 ENSMUSG00000037735.7
5729694 5740264 25 5843711 5843826 ENSMUSG00000088209.1
5747089 5763298 25 5843711 5843826 ENSMUSG00000088209.1
5770067 5784427 22 5843711 5843826 ENSMUSG00000088209.1
5792823 5810170 22 5843711 5843826 ENSMUSG00000088209.1
6577023 6591413 9 5843711 5843826 ENSMUSG00000088209.1
6780340 6790878 19 7372038 7380330 ENSMUSG00000102096.1
7509810 7525831 19 7372038 7380330 ENSMUSG00000102096.1
7772466 7781756 25 7859826 7861205 ENSMUSG00000073233.3
7813626 7822927 29 7859826 7861205 ENSMUSG00000073233.3
7830793 7843541 18 7859826 7861205 ENSMUSG00000073233.3
7853076 7867178 31 7859826 7861205 ENSMUSG00000073233.3
7867506 7884933 47 7859826 7861205 ENSMUSG00000073233.3
8067900 8118675 85 7977647 8016835 ENSMUSG00000020609.14
8290231 8291208 5 8208106 8285758 ENSMUSG00000037669.14
8367589 8372116 9 8313432 8343824 ENSMUSG00000020605.8
8395163 8395176 0 8313432 8343824 ENSMUSG00000020605.8
8460602 8461985 7 8497762 8499985 ENSMUSG00000054364.4
8469448 8507084 168 8497762 8499985 ENSMUSG00000054364.4
8530451 8530589 0 8528482 8599066 ENSMUSG00000020600.13
8536343 8538285 11 8528482 8599066 ENSMUSG00000020600.13
8599570 8618786 48 8528482 8599066 ENSMUSG00000020600.13
8637781 8638419 1 8674133 8752581 ENSMUSG00000020594.14
8842345 8843012 3 8873186 8877459 ENSMUSG00000042976.5
8872849 8873093 4 8873186 8877459 ENSMUSG00000042976.5
8919683 8925371 7 8921663 8938742 ENSMUSG00000020585.4
8939081 8939972 5 8921663 8938742 ENSMUSG00000020585.4
8984939 8997221 67 8973891 9028847 ENSMUSG00000066643.12
9016123 9016610 7 8973891 9028847 ENSMUSG00000066643.12
9032588 9033698 6 9029996 9036394 ENSMUSG00000066637.1
9037286 9046827 30 9029996 9036394 ENSMUSG00000066637.1
9058745 9066273 24 9029996 9036394 ENSMUSG00000066637.1
9428132 9439757 18 9429545 9430099 ENSMUSG00000060647.1
9448533 9463049 25 9429545 9430099 ENSMUSG00000060647.1
9508631 9520940 12 9565235 9570585 ENSMUSG00000099360.1
10227388 10242103 22 10369972 10390173 ENSMUSG00000020622.15
10367479 10379272 4 10369972 10390173 ENSMUSG00000020622.15
10385724 10391597 3 10369972 10390173 ENSMUSG00000020622.15
10385724 10391597 3 10390779 10395562 ENSMUSG00000020621.5
10464698 10476591 19 10390779 10395562 ENSMUSG00000020621.5
10560766 10577440 26 10390779 10395562 ENSMUSG00000020621.5
10579192 10599195 32 10390779 10395562 ENSMUSG00000020621.5
11080245 11094767 30 11090201 11150842 ENSMUSG00000043673.10
11151419 11154180 7 11090201 11150842 ENSMUSG00000043673.10
11187252 11187558 3 11208381 11208948 ENSMUSG00000047002.1
11269961 11270760 3 11265885 11319785 ENSMUSG00000020608.6
11386855 11401711 35 11325246 11436649 ENSMUSG00000054459.6
11402914 11419094 22 11325246 11436649 ENSMUSG00000054459.6
11433593 11433631 0 11325246 11436649 ENSMUSG00000054459.6
11447219 11457922 14 11456078 11462928 ENSMUSG00000086022.1
12216882 12254734 60 12262138 12376359 ENSMUSG00000020589.16
12255970 12264461 7 12262138 12376359 ENSMUSG00000020589.16
12304209 12314124 17 12262138 12376359 ENSMUSG00000020589.16
12380428 12397423 26 12262138 12376359 ENSMUSG00000020589.16
12482363 12501975 32 12594822 12595352 ENSMUSG00000103645.1
12540161 12571823 61 12594822 12595352 ENSMUSG00000103645.1
12572622 12588717 23 12594822 12595352 ENSMUSG00000103645.1
12648073 12656629 13 12682513 12682618 ENSMUSG00000098314.1
12666184 12666311 2 12682513 12682618 ENSMUSG00000098314.1
12699598 12716878 47 12700038 12700145 ENSMUSG00000075893.1
12783396 12791650 22 12787984 12794285 ENSMUSG00000091430.1
12819770 12832238 27 12787984 12794285 ENSMUSG00000091430.1
12833570 12845743 19 12787984 12794285 ENSMUSG00000091430.1
12847015 12860093 11 12902719 12907251 ENSMUSG00000097627.1
13064239 13064442 1 13163628 13163763 ENSMUSG00000064717.1
13110105 13126637 40 13163628 13163763 ENSMUSG00000064717.1
13165836 13166173 2 13163628 13163763 ENSMUSG00000064717.1
13213214 13213380 2 13219307 13249213 ENSMUSG00000037149.9
13247415 13259268 23 13219307 13249213 ENSMUSG00000037149.9
13263271 13270855 18 13269126 13583810 ENSMUSG00000020576.9
13664874 13693377 39 13752673 13753665 ENSMUSG00000097973.1
14078106 14116715 38 14147598 14152038 ENSMUSG00000020607.6
14154153 14159636 10 14147598 14152038 ENSMUSG00000020607.6
14179278 14201652 36 14147598 14152038 ENSMUSG00000020607.6
14917177 14932917 13 14878494 14878598 ENSMUSG00000064386.1
15101176 15112896 25 15020534 15020644 ENSMUSG00000099215.1
15513884 15543235 52 15728096 15729095 ENSMUSG00000098158.1
15544327 15556115 27 15728096 15729095 ENSMUSG00000098158.1
15642941 15667764 55 15728096 15729095 ENSMUSG00000098158.1
15722453 15733708 14 15728096 15729095 ENSMUSG00000098158.1
15743459 15766999 28 15728096 15729095 ENSMUSG00000098158.1
15808672 15809158 3 15791726 15816877 ENSMUSG00000020601.7
15819739 15841146 24 15817002 15888155 ENSMUSG00000097580.1
15933334 15943540 6 15817002 15888155 ENSMUSG00000097580.1
16091594 16092824 8 15817002 15888155 ENSMUSG00000097580.1
16119193 16136528 15 15817002 15888155 ENSMUSG00000097580.1
16137733 16154427 19 15817002 15888155 ENSMUSG00000097580.1
16222854 16237744 17 16535668 16589770 ENSMUSG00000020593.14
16254554 16271952 20 16535668 16589770 ENSMUSG00000020593.14
16332438 16348733 24 16535668 16589770 ENSMUSG00000020593.14
16374827 16399081 37 16535668 16589770 ENSMUSG00000020593.14
16582501 16583197 9 16535668 16589770 ENSMUSG00000020593.14
16594761 16608503 40 16535668 16589770 ENSMUSG00000020593.14
16613985 16625506 25 16535668 16589770 ENSMUSG00000020593.14
16653243 16665569 43 16653469 16660236 ENSMUSG00000020591.10
16813127 16813214 0 16810964 16826743 ENSMUSG00000057469.7
16896932 16898426 8 16894977 16988274 ENSMUSG00000020580.9
16997634 16997779 3 16988647 17000408 ENSMUSG00000045679.13
17021704 17022301 0 17003318 17011727 ENSMUSG00000071398.8
17066531 17066996 2 17003318 17011727 ENSMUSG00000071398.8
17170597 17177984 36 17172099 17176888 ENSMUSG00000051726.6
17194583 17213356 24 17172099 17176888 ENSMUSG00000051726.6
17337640 17339451 5 17284720 17329359 ENSMUSG00000020566.18
17347203 17351421 3 17348457 17430094 ENSMUSG00000061458.8
17493723 17494293 2 17544872 17551502 ENSMUSG00000011179.7
17527183 17528153 10 17544872 17551502 ENSMUSG00000011179.7
17550709 17567120 19 17544872 17551502 ENSMUSG00000011179.7
17632847 17649148 17 17644899 17645205 ENSMUSG00000088939.1
17658602 17683826 42 17690813 17791926 ENSMUSG00000071379.1
17689371 17689493 0 17690813 17791926 ENSMUSG00000071379.1
17695150 17695766 4 17690813 17791926 ENSMUSG00000071379.1
17879837 17880692 5 17924293 17925668 ENSMUSG00000067356.5
17888206 17893613 16 17924293 17925668 ENSMUSG00000067356.5
17995463 17996526 4 17924293 17925668 ENSMUSG00000067356.5
18104826 18123208 16 18216554 18217757 ENSMUSG00000073198.4
18134624 18144735 19 18216554 18217757 ENSMUSG00000073198.4
18193430 18210490 39 18216554 18217757 ENSMUSG00000073198.4
18380954 18382906 5 18514737 18534191 ENSMUSG00000073197.8
18458791 18465188 27 18514737 18534191 ENSMUSG00000073197.8
18487809 18502672 6 18514737 18534191 ENSMUSG00000073197.8
18516118 18521713 6 18514737 18534191 ENSMUSG00000073197.8
18560776 18587424 21 18514737 18534191 ENSMUSG00000073197.8
18848558 18858662 10 18853871 18854207 ENSMUSG00000094947.1
18928290 18939240 17 18853871 18854207 ENSMUSG00000094947.1
18957763 18971754 23 18853871 18854207 ENSMUSG00000094947.1
18994280 19010425 23 18853871 18854207 ENSMUSG00000094947.1
19011444 19032140 25 18853871 18854207 ENSMUSG00000094947.1
19035713 19044460 10 18853871 18854207 ENSMUSG00000094947.1
19157852 19172781 16 19387808 19390286 ENSMUSG00000093908.1
19175422 19181041 45 19387808 19390286 ENSMUSG00000093908.1
19212556 19232130 22 19387808 19390286 ENSMUSG00000093908.1
19282901 19294627 20 19387808 19390286 ENSMUSG00000093908.1
19330792 19346081 5 19387808 19390286 ENSMUSG00000093908.1
19384421 19388823 6 19387808 19390286 ENSMUSG00000093908.1
19427850 19443834 14 19387808 19390286 ENSMUSG00000093908.1
19463723 19480523 13 19490307 19492290 ENSMUSG00000059229.7
19484205 19491711 8 19490307 19492290 ENSMUSG00000059229.7
19565742 19575220 10 19606928 19607264 ENSMUSG00000095254.1
19596748 19610532 8 19606928 19607264 ENSMUSG00000095254.1
19644026 19644114 0 19606928 19607264 ENSMUSG00000095254.1
19675068 19675182 1 19606928 19607264 ENSMUSG00000095254.1
19697845 19707066 23 19606928 19607264 ENSMUSG00000095254.1
19742311 19773370 52 19891975 19892061 ENSMUSG00000077010.1
19880459 19884588 13 19891975 19892061 ENSMUSG00000077010.1
19891560 19905345 37 19891975 19892061 ENSMUSG00000077010.1
19920595 19942665 26 19954504 19954840 ENSMUSG00000095470.1
19953555 19956073 1 19954504 19954840 ENSMUSG00000095470.1
20009824 20021225 11 20071881 20072217 ENSMUSG00000096529.1
20036357 20051207 20 20071881 20072217 ENSMUSG00000096529.1
20070950 20076734 0 20071881 20072217 ENSMUSG00000096529.1
20185858 20187194 5 20071881 20072217 ENSMUSG00000096529.1
20268981 20270149 5 20415937 20433699 ENSMUSG00000073184.3
20313352 20313764 2 20415937 20433699 ENSMUSG00000073184.3
20342085 20354584 12 20415937 20433699 ENSMUSG00000073184.3
20398076 20401939 1 20415937 20433699 ENSMUSG00000073184.3
20611732 20619759 1 20415937 20433699 ENSMUSG00000073184.3
20668270 20688456 19 20804380 20815779 ENSMUSG00000099759.1
20730198 20749290 13 20804380 20815779 ENSMUSG00000099759.1
20814571 20815742 4 20804380 20815779 ENSMUSG00000099759.1
20814571 20815742 4 20814256 20815727 ENSMUSG00000091071.2
20853187 20866186 15 20874124 20921262 ENSMUSG00000085642.8
20919396 20919869 1 20874124 20921262 ENSMUSG00000085642.8
20919396 20919869 1 20877083 20921262 ENSMUSG00000069755.5
20928723 20949532 10 20874124 20921262 ENSMUSG00000085642.8
20928723 20949532 10 20877083 20921262 ENSMUSG00000069755.5
20991846 20993737 0 20990458 21200919 ENSMUSG00000090370.3
21116012 21117575 3 20990458 21200919 ENSMUSG00000090370.3
21116012 21117575 3 21111747 21270171 ENSMUSG00000052632.15
21132024 21139619 26 20990458 21200919 ENSMUSG00000090370.3
21132024 21139619 26 21111747 21270171 ENSMUSG00000052632.15
21284332 21293003 23 21240824 21286237 ENSMUSG00000062352.13
21284332 21293003 23 21286296 21315056 ENSMUSG00000054309.8
21284332 21293003 23 21287926 21288059 ENSMUSG00000070166.1
21314304 21318717 22 21286296 21315056 ENSMUSG00000054309.8
21314304 21318717 22 21316391 21323605 ENSMUSG00000062054.6
21361110 21362021 3 21323508 21373632 ENSMUSG00000052593.15
21426289 21432539 27 21417910 21419803 ENSMUSG00000097055.1
21433933 21434234 2 21417910 21419803 ENSMUSG00000097055.1
21481629 21486530 14 21543306 21554521 ENSMUSG00000109975.1
21493119 21493181 1 21543306 21554521 ENSMUSG00000109975.1
21609048 21627935 28 21543306 21554521 ENSMUSG00000109975.1
21735461 21750739 38 21776158 21776707 ENSMUSG00000091105.1
21776643 21777517 1 21776158 21776707 ENSMUSG00000091105.1
21793380 21814425 12 21776158 21776707 ENSMUSG00000091105.1
21824842 21831815 23 21776158 21776707 ENSMUSG00000091105.1
21940893 21956063 12 22040912 22041022 ENSMUSG00000094691.1
21957958 21974733 36 22040912 22041022 ENSMUSG00000094691.1
22028060 22039844 8 22040912 22041022 ENSMUSG00000094691.1
22069286 22096467 13 22115755 22156646 ENSMUSG00000093846.1
22152495 22157282 14 22115755 22156646 ENSMUSG00000093846.1
22461939 22468873 1 22367479 22467006 ENSMUSG00000094697.1
22623068 22625029 0 22622961 22623087 ENSMUSG00000095261.2
22743600 22763362 14 22622961 22623087 ENSMUSG00000095261.2
22922259 22934955 4 22953996 23010284 ENSMUSG00000073164.11
22936226 22961713 27 22953996 23010284 ENSMUSG00000073164.11
22967661 22979101 6 22953996 23010284 ENSMUSG00000073164.11
23026621 23041758 28 22953996 23010284 ENSMUSG00000073164.11
23090319 23111861 30 22953996 23010284 ENSMUSG00000073164.11
23115181 23129801 31 23199779 23199889 ENSMUSG00000096441.1
23182865 23198592 22 23199779 23199889 ENSMUSG00000096441.1
23228175 23252604 15 23221226 23315358 ENSMUSG00000092465.2
23312169 23315994 16 23221226 23315358 ENSMUSG00000092465.2
23425639 23428198 0 23350196 23427173 ENSMUSG00000096701.1
23629632 23636808 3 23526490 23634765 ENSMUSG00000095564.1
23650819 23664634 4 23526490 23634765 ENSMUSG00000095564.1
23697461 23705459 13 23526490 23634765 ENSMUSG00000095564.1
23711132 23741560 23 23778911 23780265 ENSMUSG00000071362.2
23797029 23801396 20 23778911 23780265 ENSMUSG00000071362.2
23866445 23874664 21 23778911 23780265 ENSMUSG00000071362.2
23968414 23970787 0 23968509 23968845 ENSMUSG00000095329.1
24112181 24118346 2 24044700 24096968 ENSMUSG00000073158.3
24177713 24193467 9 24251845 24252181 ENSMUSG00000096279.1
24247883 24263828 16 24251845 24252181 ENSMUSG00000096279.1
24265699 24280327 11 24251845 24252181 ENSMUSG00000096279.1
24317815 24334481 19 24251845 24252181 ENSMUSG00000096279.1
24462275 24479928 32 24493206 24493656 ENSMUSG00000057160.2
24576033 24577460 23 24572286 24617391 ENSMUSG00000020656.15
24618028 24618235 2 24572286 24617391 ENSMUSG00000020656.15
24653416 24654178 6 24651370 24662774 ENSMUSG00000020653.11
24669499 24676513 20 24665837 24681813 ENSMUSG00000062563.14
24696648 24696785 1 24708240 24714146 ENSMUSG00000020649.11
24709691 24710846 3 24708240 24714146 ENSMUSG00000020649.11
24730453 24742281 16 24708240 24714146 ENSMUSG00000020649.11
24761564 24764201 13 24779017 24779146 ENSMUSG00000089203.1
24964949 24976052 11 24974931 25059697 ENSMUSG00000036333.10
25075937 25088704 32 25093800 25096092 ENSMUSG00000020644.8
25091848 25092140 2 25093800 25096092 ENSMUSG00000020644.8
25113545 25121962 4 25093800 25096092 ENSMUSG00000020644.8
25192204 25192775 3 25093800 25096092 ENSMUSG00000020644.8
25213402 25224352 32 25093800 25096092 ENSMUSG00000020644.8
25230896 25253815 98 25093800 25096092 ENSMUSG00000020644.8
25508440 25549278 51 25562368 25605335 ENSMUSG00000102431.1
25710014 25712650 4 25687800 25687906 ENSMUSG00000089441.1
25830816 25851841 16 25687800 25687906 ENSMUSG00000089441.1
25860245 25861409 1 25687800 25687906 ENSMUSG00000089441.1
25936001 25961072 31 25687800 25687906 ENSMUSG00000089441.1
25973495 25987477 14 25687800 25687906 ENSMUSG00000089441.1
26281563 26284752 9 26306796 26415256 ENSMUSG00000020642.12
26309739 26311449 11 26306796 26415256 ENSMUSG00000020642.12
26340759 26361171 18 26306796 26415256 ENSMUSG00000020642.12
26389874 26391125 5 26306796 26415256 ENSMUSG00000020642.12
26419870 26421919 8 26306796 26415256 ENSMUSG00000020642.12
26472702 26473804 1 26469203 26479835 ENSMUSG00000020638.7
26484125 26508954 30 26469203 26479835 ENSMUSG00000020638.7
26510188 26523178 12 26469203 26479835 ENSMUSG00000020638.7
26524225 26548778 16 26469203 26479835 ENSMUSG00000020638.7
26553069 26588737 45 26469203 26479835 ENSMUSG00000020638.7
26706941 26730812 26 26469203 26479835 ENSMUSG00000020638.7
26763367 26787679 22 26469203 26479835 ENSMUSG00000020638.7
26824103 26838642 6 27140795 27160633 ENSMUSG00000094002.2
27058575 27065391 15 27140795 27160633 ENSMUSG00000094002.2
27115047 27142154 26 27140795 27160633 ENSMUSG00000094002.2
27147430 27167119 39 27140795 27160633 ENSMUSG00000094002.2
27243159 27273963 39 27334263 27342574 ENSMUSG00000063632.6
27283303 27287746 1 27334263 27342574 ENSMUSG00000063632.6
27341337 27341453 4 27334263 27342574 ENSMUSG00000063632.6
27344489 27344549 0 27334263 27342574 ENSMUSG00000063632.6
27594097 27603997 10 27631802 27631927 ENSMUSG00000077344.1
27608443 27630260 22 27631802 27631927 ENSMUSG00000077344.1
27971015 27994376 32 28060390 28060528 ENSMUSG00000088937.1
27997276 28037257 31 28060390 28060528 ENSMUSG00000088937.1
28060538 28077379 17 28060390 28060528 ENSMUSG00000088937.1
28473866 28483477 7 28437794 28552303 ENSMUSG00000020633.13
28473866 28483477 7 28469869 28474225 ENSMUSG00000102012.1
28559996 28562237 6 28553754 28582523 ENSMUSG00000020636.14
28593419 28593936 4 28594172 28623290 ENSMUSG00000036655.7
28627252 28633793 29 28630846 28635953 ENSMUSG00000061477.3
28677627 28677718 1 28675230 28682175 ENSMUSG00000020629.12
28749085 28753199 6 28690628 28750453 ENSMUSG00000020628.15
28749085 28753199 6 28751827 28867491 ENSMUSG00000036613.7
29037409 29051259 25 29035179 29035294 ENSMUSG00000089583.1
29095216 29108749 19 29035179 29035294 ENSMUSG00000089583.1
29261193 29274419 20 29035179 29035294 ENSMUSG00000089583.1
29354346 29362779 21 29528383 29923209 ENSMUSG00000061911.14
29399535 29414177 24 29528383 29923209 ENSMUSG00000061911.14
29428520 29440857 25 29528383 29923209 ENSMUSG00000061911.14
29530966 29574369 99 29528383 29923209 ENSMUSG00000061911.14
29595191 29607283 36 29528383 29923209 ENSMUSG00000061911.14
29625258 29635068 18 29528383 29923209 ENSMUSG00000061911.14
29676288 29706301 87 29528383 29923209 ENSMUSG00000061911.14
29815971 29831353 35 29528383 29923209 ENSMUSG00000061911.14
29928540 29947127 26 29938035 30017658 ENSMUSG00000020674.16
29948480 29962367 39 29938035 30017658 ENSMUSG00000020674.16
29967508 29976550 25 29938035 30017658 ENSMUSG00000020674.16
30010535 30028991 47 29938035 30017658 ENSMUSG00000020674.16
30320884 30353224 37 30174481 30373375 ENSMUSG00000020672.13
30366743 30377643 16 30174481 30373375 ENSMUSG00000020672.13
30421884 30445335 30 30410558 30467358 ENSMUSG00000102098.1
30486698 30516031 47 30482821 30487052 ENSMUSG00000100674.1
30550455 30562772 16 30557913 30558120 ENSMUSG00000092653.2
30566409 30567946 0 30557913 30558120 ENSMUSG00000092653.2
30585305 30585454 2 30584442 30591213 ENSMUSG00000043061.9
30595213 30596305 5 30584442 30591213 ENSMUSG00000043061.9
30632929 30634147 5 30584442 30591213 ENSMUSG00000043061.9
30644358 30660976 24 30584442 30591213 ENSMUSG00000043061.9
30831298 30855805 33 30884321 30893854 ENSMUSG00000054204.6
30856776 30870667 11 30884321 30893854 ENSMUSG00000054204.6
30906908 30914813 15 30893325 30911612 ENSMUSG00000044573.14
30906908 30914813 15 30911667 30960162 ENSMUSG00000020669.15
31001886 31013478 20 30911667 30960162 ENSMUSG00000020669.15
31018128 31028697 34 31057074 31057207 ENSMUSG00000077292.1
31050858 31066286 30 31057074 31057207 ENSMUSG00000077292.1
31067391 31076146 19 31073967 31079937 ENSMUSG00000036136.8
31082452 31094054 20 31073967 31079937 ENSMUSG00000036136.8
31117028 31119106 6 31073967 31079937 ENSMUSG00000036136.8
31164866 31164941 2 31184622 31185177 ENSMUSG00000095953.1
31190029 31206683 58 31184622 31185177 ENSMUSG00000095953.1
31237973 31239175 5 31258932 31259062 ENSMUSG00000065200.1
31254452 31255089 8 31258932 31259062 ENSMUSG00000065200.1
31349564 31352229 18 31331563 31351437 ENSMUSG00000020664.9
31476856 31477797 3 31390870 31473917 ENSMUSG00000001225.12
31550982 31559283 44 31519826 31559969 ENSMUSG00000020651.7
31627106 31636696 26 31595353 31634658 ENSMUSG00000020650.14
31653718 31656185 1 31640054 31654826 ENSMUSG00000020648.2
31653718 31656185 1 31654868 31937630 ENSMUSG00000035933.4
31717834 31729330 13 31654868 31937630 ENSMUSG00000035933.4
31972156 31988463 49 31958475 32061296 ENSMUSG00000002997.15
32009589 32025486 54 31958475 32061296 ENSMUSG00000002997.15
32044561 32045540 1 31958475 32061296 ENSMUSG00000002997.15
32068734 32081764 32 31958475 32061296 ENSMUSG00000002997.15
32094886 32107326 22 31958475 32061296 ENSMUSG00000002997.15
32108643 32112505 7 31958475 32061296 ENSMUSG00000002997.15
32136241 32136925 5 32173472 32208659 ENSMUSG00000020573.16
32157273 32157914 6 32173472 32208659 ENSMUSG00000020573.16
32209449 32211423 7 32173472 32208659 ENSMUSG00000020573.16
32242019 32256078 17 32173472 32208659 ENSMUSG00000020573.16
32380624 32380981 1 32378703 32382943 ENSMUSG00000090946.3
32620304 32635446 11 32820334 32853369 ENSMUSG00000020572.7
32655679 32672084 13 32820334 32853369 ENSMUSG00000020572.7
32817802 32822076 4 32820334 32853369 ENSMUSG00000020572.7
32817802 32822076 4 32821871 32826904 ENSMUSG00000096954.1
32871473 32872890 6 32820334 32853369 ENSMUSG00000020572.7
32897838 32898226 1 32919383 32953789 ENSMUSG00000097494.7
32951719 32953085 6 32919383 32953789 ENSMUSG00000097494.7
33019099 33020910 7 33033795 33092875 ENSMUSG00000035860.8
33023088 33023723 4 33033795 33092875 ENSMUSG00000035860.8
33103747 33103885 2 33111710 33147597 ENSMUSG00000052125.16
33107596 33113758 32 33111710 33147597 ENSMUSG00000052125.16
33107596 33113758 32 33111961 33138945 ENSMUSG00000084979.1
33225059 33236259 35 33147692 33375659 ENSMUSG00000020564.16
33225059 33236259 35 33193993 33228854 ENSMUSG00000079143.3
33280956 33292590 28 33147692 33375659 ENSMUSG00000020564.16
33372821 33384161 34 33147692 33375659 ENSMUSG00000020564.16
33372821 33384161 34 33358242 33394760 ENSMUSG00000085664.1
33431740 33434216 14 33429623 33439380 ENSMUSG00000020561.7
33447754 33455802 19 33452711 33452843 ENSMUSG00000077750.1
33468158 33484806 31 33452711 33452843 ENSMUSG00000077750.1
33547051 33564216 36 33452711 33452843 ENSMUSG00000077750.1
33568684 33586096 31 33452711 33452843 ENSMUSG00000077750.1
33604345 33615510 17 33452711 33452843 ENSMUSG00000077750.1
33624051 33642823 24 33452711 33452843 ENSMUSG00000077750.1
33893315 33912213 24 33928424 33929310 ENSMUSG00000046518.3
33980735 33994170 26 33957670 33959817 ENSMUSG00000035799.5
34039361 34056905 24 34047579 34917095 ENSMUSG00000004698.10
34123087 34137392 34 34047579 34917095 ENSMUSG00000004698.10
34165359 34184007 12 34047579 34917095 ENSMUSG00000004698.10
34208642 34226377 26 34047579 34917095 ENSMUSG00000004698.10
34241862 34271381 52 34047579 34917095 ENSMUSG00000004698.10
34287138 34298197 15 34047579 34917095 ENSMUSG00000004698.10
34287138 34298197 15 34290273 34291092 ENSMUSG00000095406.1
34653363 34666073 22 34047579 34917095 ENSMUSG00000004698.10
34904756 34913641 8 34047579 34917095 ENSMUSG00000004698.10
35025451 35037316 28 35047188 35147469 ENSMUSG00000020590.15
35048497 35049498 7 35047188 35147469 ENSMUSG00000020590.15
35402909 35420944 15 35441189 35441296 ENSMUSG00000065195.1
35478330 35494485 24 35497973 35535038 ENSMUSG00000019256.17
35531475 35531595 2 35497973 35535038 ENSMUSG00000019256.17
35556444 35570493 22 35497973 35535038 ENSMUSG00000019256.17
35573450 35589611 27 35497973 35535038 ENSMUSG00000019256.17
35590776 35605591 18 35497973 35535038 ENSMUSG00000019256.17
35611685 35625469 23 35497973 35535038 ENSMUSG00000019256.17
35628662 35643637 25 35497973 35535038 ENSMUSG00000019256.17
35678457 35703642 37 35497973 35535038 ENSMUSG00000019256.17
35727248 35745273 26 35925619 35949736 ENSMUSG00000036231.5
36009702 36009963 1 36014556 36042500 ENSMUSG00000020577.15
36108077 36127655 71 36091845 36156825 ENSMUSG00000020547.4
36132932 36133037 0 36091845 36156825 ENSMUSG00000020547.4
36193928 36194814 9 36157123 36197291 ENSMUSG00000036188.3
36205488 36225251 47 36208344 36253398 ENSMUSG00000020545.11
36266765 36279365 30 36208344 36253398 ENSMUSG00000020545.11
36290053 36296021 18 36314168 36318452 ENSMUSG00000036169.5
36318845 36319569 6 36314168 36318452 ENSMUSG00000036169.5
36372273 36372364 0 36373773 36373883 ENSMUSG00000088906.1
36423484 36438908 30 36381518 36689444 ENSMUSG00000043153.5
36650071 36666198 25 36381518 36689444 ENSMUSG00000043153.5
37003413 37017258 19 37001838 37001939 ENSMUSG00000105215.1
37230802 37249381 27 37241640 37582202 ENSMUSG00000050103.17
37334579 37349449 13 37241640 37582202 ENSMUSG00000050103.17
37496048 37514685 32 37241640 37582202 ENSMUSG00000050103.17
37875328 37883279 2 37880704 38633410 ENSMUSG00000036095.10
38130257 38145964 11 37880704 38633410 ENSMUSG00000036095.10
38582934 38599837 22 37880704 38633410 ENSMUSG00000036095.10
38825543 38837706 14 38779379 38868215 ENSMUSG00000004151.16
38873317 38887144 16 38779379 38868215 ENSMUSG00000004151.16
39047015 39065354 26 38779379 38868215 ENSMUSG00000004151.16
39670953 39694034 26 39621414 39621546 ENSMUSG00000077269.1
39727514 39753721 38 39621414 39621546 ENSMUSG00000077269.1
39812424 39834029 35 40005446 40038025 ENSMUSG00000047446.18
39908638 39921844 23 40005446 40038025 ENSMUSG00000047446.18
39929234 39941123 17 40005446 40038025 ENSMUSG00000047446.18
39949517 39950366 2 40005446 40038025 ENSMUSG00000047446.18
39981981 39984914 8 40005446 40038025 ENSMUSG00000047446.18
39986458 40000873 15 40005446 40038025 ENSMUSG00000047446.18
40032872 40034667 5 40005446 40038025 ENSMUSG00000047446.18
40038895 40039853 2 40038098 40040027 ENSMUSG00000086315.1
40123433 40138248 40 40059768 40134228 ENSMUSG00000002565.16
40139378 40160934 44 40059768 40134228 ENSMUSG00000002565.16
40167945 40179195 12 40176385 40199315 ENSMUSG00000071342.4
40423758 40439877 39 40315045 40445790 ENSMUSG00000055917.14
40448333 40453388 15 40446052 40846486 ENSMUSG00000035954.9
40467101 40501593 101 40446052 40846486 ENSMUSG00000035954.9
40992632 41008608 34 41024089 41955588 ENSMUSG00000056899.10
41013879 41014112 1 41024089 41955588 ENSMUSG00000056899.10
41028993 41030045 7 41024089 41955588 ENSMUSG00000056899.10
41585066 41602242 25 41024089 41955588 ENSMUSG00000056899.10
42165601 42179629 12 42281715 42281813 ENSMUSG00000093214.1
43758732 43775425 20 43743036 43743165 ENSMUSG00000065004.1
43809579 43837177 37 43743036 43743165 ENSMUSG00000065004.1
44200652 44200742 0 44205896 44210068 ENSMUSG00000014905.3
44207388 44212758 8 44205896 44210068 ENSMUSG00000014905.3
44207388 44212758 8 44210312 44210373 ENSMUSG00000093618.1
44275855 44276480 1 44221369 44312343 ENSMUSG00000036257.14
44392480 44396609 14 44328884 44601846 ENSMUSG00000020598.15
44436368 44442684 8 44328884 44601846 ENSMUSG00000020598.15
45063901 45072127 22 44852487 45074493 ENSMUSG00000046314.15
45078960 45081273 13 44852487 45074493 ENSMUSG00000046314.15
45118627 45149708 43 45109006 45109137 ENSMUSG00000088852.1
45169714 45195816 30 45109006 45109137 ENSMUSG00000088852.1
45438230 45458999 53 45437180 45441698 ENSMUSG00000092404.1
45551747 45570019 24 45437180 45441698 ENSMUSG00000092404.1
45733924 45753611 15 45984342 45984549 ENSMUSG00000064800.1
46394372 46404904 11 46694516 46818775 ENSMUSG00000021047.6
46596736 46614886 12 46694516 46818775 ENSMUSG00000021047.6
46632833 46654949 25 46694516 46818775 ENSMUSG00000021047.6
46821892 46822130 0 46694516 46818775 ENSMUSG00000021047.6
47138520 47168061 29 47165041 47165507 ENSMUSG00000104308.1
49387530 49388533 0 49385173 49394127 ENSMUSG00000089922.2
49471582 49486238 23 49476990 49480862 ENSMUSG00000100844.1
50108465 50126552 18 50341230 50649223 ENSMUSG00000002688.7
50646036 50653944 13 50341230 50649223 ENSMUSG00000002688.7
50702430 50721903 28 50341230 50649223 ENSMUSG00000002688.7
50884505 50902904 20 51085686 51085803 ENSMUSG00000088966.1
50951807 50952438 2 51085686 51085803 ENSMUSG00000088966.1
51015161 51019512 6 51085686 51085803 ENSMUSG00000088966.1
51053536 51054960 6 51085686 51085803 ENSMUSG00000088966.1
51080816 51097497 41 51085686 51085803 ENSMUSG00000088966.1
51111368 51121171 17 51085686 51085803 ENSMUSG00000088966.1
51183504 51204856 49 51297486 51297960 ENSMUSG00000046620.4
51213935 51236318 47 51297486 51297960 ENSMUSG00000046620.4
51318471 51329198 17 51348060 51376986 ENSMUSG00000035293.13
51350103 51350962 6 51348060 51376986 ENSMUSG00000035293.13
51518459 51518849 3 51377579 51450096 ENSMUSG00000020952.9
51693638 51695481 4 51690965 51738939 ENSMUSG00000020955.8
51697965 51700243 9 51690965 51738939 ENSMUSG00000020955.8
51826969 51827183 1 51743721 51829536 ENSMUSG00000035247.15
51969831 51969871 0 51875872 51971321 ENSMUSG00000035181.5
51983684 51984365 1 51988311 52006501 ENSMUSG00000020956.14
52089516 52099307 22 52097736 52312744 ENSMUSG00000035142.18
52317274 52317427 5 52097736 52312744 ENSMUSG00000035142.18
52365193 52367351 7 52097736 52312744 ENSMUSG00000035142.18
52369670 52370503 10 52097736 52312744 ENSMUSG00000035142.18
52400678 52401882 9 52097736 52312744 ENSMUSG00000035142.18
52404033 52414542 35 52097736 52312744 ENSMUSG00000035142.18
52450461 52462180 20 52516076 52567852 ENSMUSG00000035133.8
52505688 52507645 5 52516076 52567852 ENSMUSG00000035133.8
52661759 52663374 7 52699382 53151015 ENSMUSG00000061603.7
52703890 52714052 30 52699382 53151015 ENSMUSG00000061603.7
52736089 52756734 69 52699382 53151015 ENSMUSG00000061603.7
52768359 52777546 28 52699382 53151015 ENSMUSG00000061603.7
52795201 52801358 51 52699382 53151015 ENSMUSG00000061603.7
52803240 52817054 44 52699382 53151015 ENSMUSG00000061603.7
52817971 52822399 26 52699382 53151015 ENSMUSG00000061603.7
52852748 52864676 29 52699382 53151015 ENSMUSG00000061603.7
52868291 52881299 37 52699382 53151015 ENSMUSG00000061603.7
52889546 52897958 33 52699382 53151015 ENSMUSG00000061603.7
52908164 52912188 13 52699382 53151015 ENSMUSG00000061603.7
52914433 52914690 3 52699382 53151015 ENSMUSG00000061603.7
53020880 53045997 46 52699382 53151015 ENSMUSG00000061603.7
53106087 53121413 19 52699382 53151015 ENSMUSG00000061603.7
53123011 53140874 26 52699382 53151015 ENSMUSG00000061603.7
53200642 53211652 28 53248676 54072175 ENSMUSG00000021010.7
53215574 53225569 20 53248676 54072175 ENSMUSG00000021010.7
53254612 53255538 6 53248676 54072175 ENSMUSG00000021010.7
53293928 53304761 21 53248676 54072175 ENSMUSG00000021010.7
53305761 53313903 25 53248676 54072175 ENSMUSG00000021010.7
53618756 53628682 21 53248676 54072175 ENSMUSG00000021010.7
53724175 53734969 18 53248676 54072175 ENSMUSG00000021010.7
53746112 53755071 25 53248676 54072175 ENSMUSG00000021010.7
53763712 53776904 39 53248676 54072175 ENSMUSG00000021010.7
53831042 53848693 61 53248676 54072175 ENSMUSG00000021010.7
53861052 53896122 87 53248676 54072175 ENSMUSG00000021010.7
53900422 53913682 40 53248676 54072175 ENSMUSG00000021010.7
53913897 53930035 49 53248676 54072175 ENSMUSG00000021010.7
53975575 53988730 39 53248676 54072175 ENSMUSG00000021010.7
54173460 54173547 2 54178980 54203860 ENSMUSG00000035105.5
54197222 54198633 17 54178980 54203860 ENSMUSG00000035105.5
54266498 54267126 4 54240754 54240900 ENSMUSG00000088386.1
54302414 54303149 3 54240754 54240900 ENSMUSG00000088386.1
54338961 54339716 3 54240754 54240900 ENSMUSG00000088386.1
54451190 54451691 1 54645373 54656572 ENSMUSG00000044408.6
54485960 54493892 27 54645373 54656572 ENSMUSG00000044408.6
54633766 54645617 20 54645373 54656572 ENSMUSG00000044408.6
54670495 54670573 0 54670339 54695897 ENSMUSG00000054302.15
54692621 54693868 4 54670339 54695897 ENSMUSG00000054302.15
54705438 54706141 0 54701328 54701706 ENSMUSG00000072255.3
54845706 54847851 7 54858816 54862877 ENSMUSG00000062929.7
54860775 54861188 5 54858816 54862877 ENSMUSG00000062929.7
54864598 54864741 1 54858816 54862877 ENSMUSG00000062929.7
54882422 54890956 20 54892988 55014348 ENSMUSG00000035021.13
54984184 54984861 9 54892988 55014348 ENSMUSG00000035021.13
55023076 55023966 1 54892988 55014348 ENSMUSG00000035021.13
55078378 55084003 5 55045660 55080110 ENSMUSG00000062198.4
55300682 55307996 18 55280813 55303000 ENSMUSG00000021022.8
55300682 55307996 18 55299576 55382533 ENSMUSG00000021023.14
55311936 55319116 29 55299576 55382533 ENSMUSG00000021023.14
55402242 55402477 2 55384221 55418454 ENSMUSG00000021024.14
55425278 55426106 4 55384221 55418454 ENSMUSG00000021024.14
55487517 55491049 32 55489410 55492647 ENSMUSG00000021025.7
55509191 55509264 1 55489410 55492647 ENSMUSG00000021025.7
55572669 55572826 4 55565238 55566896 ENSMUSG00000063129.1
55601647 55601707 2 55598916 55602018 ENSMUSG00000045440.3
55817104 55819973 10 55602928 55821167 ENSMUSG00000021027.15
55833771 55840266 17 55836365 55869735 ENSMUSG00000012076.7
55970458 55974362 10 55910820 55910923 ENSMUSG00000065244.1
55977251 55998817 29 56056635 56056755 ENSMUSG00000093300.1
56029511 56031840 15 56056635 56056755 ENSMUSG00000093300.1
56051497 56061625 14 56056635 56056755 ENSMUSG00000093300.1
56087682 56101003 27 56056635 56056755 ENSMUSG00000093300.1
56105388 56120273 32 56056635 56056755 ENSMUSG00000093300.1
56234555 56234784 1 56252314 56252444 ENSMUSG00000077455.1
56293032 56293126 3 56266919 56267204 ENSMUSG00000088389.1
56355953 56377543 20 56373592 56373823 ENSMUSG00000066491.4
56465195 56471309 14 56531957 56536908 ENSMUSG00000001496.15
56482002 56483477 10 56531957 56536908 ENSMUSG00000001496.15
56525560 56533180 21 56531957 56536908 ENSMUSG00000001496.15
56564934 56577151 32 56535342 56607476 ENSMUSG00000098172.7
56611180 56611574 3 56611388 56613284 ENSMUSG00000058669.7
56616019 56616651 0 56611388 56613284 ENSMUSG00000058669.7
56631380 56640991 13 56611388 56613284 ENSMUSG00000058669.7
56684853 56686853 3 56689917 56692964 ENSMUSG00000089894.2
56724803 56735713 23 56712633 57197472 ENSMUSG00000035472.13
56754898 56774305 36 56712633 57197472 ENSMUSG00000035472.13
56856580 56874119 34 56712633 57197472 ENSMUSG00000035472.13
56885169 56908687 62 56712633 57197472 ENSMUSG00000035472.13
56988692 56989034 1 56712633 57197472 ENSMUSG00000035472.13
56994455 57002317 18 56712633 57197472 ENSMUSG00000035472.13
57003792 57023050 49 56712633 57197472 ENSMUSG00000035472.13
57066368 57082820 21 56712633 57197472 ENSMUSG00000035472.13
57084734 57095369 22 56712633 57197472 ENSMUSG00000035472.13
57106997 57121854 15 56712633 57197472 ENSMUSG00000035472.13
57166217 57169474 15 56712633 57197472 ENSMUSG00000035472.13
57232052 57232750 2 57230411 57239882 ENSMUSG00000079104.4
57232052 57232750 2 57230426 57497199 ENSMUSG00000047022.18
57382939 57401473 41 57230426 57497199 ENSMUSG00000047022.18
57557229 57561101 9 57564112 57737928 ENSMUSG00000046782.14
57575604 57581576 18 57564112 57737928 ENSMUSG00000046782.14
57770739 57771264 2 57564112 57737928 ENSMUSG00000046782.14
57792221 57796733 14 57564112 57737928 ENSMUSG00000046782.14
57945745 57961958 23 57564112 57737928 ENSMUSG00000046782.14
58230506 58249889 13 58264719 58269258 ENSMUSG00000045930.2
58263994 58276485 13 58264719 58269258 ENSMUSG00000045930.2
58282756 58299150 26 58264719 58269258 ENSMUSG00000045930.2
58368710 58391853 15 58264719 58269258 ENSMUSG00000045930.2
58639592 58654099 22 58953094 58968011 ENSMUSG00000097443.1
58792763 58806193 25 58953094 58968011 ENSMUSG00000097443.1
58932538 58933620 6 58953094 58968011 ENSMUSG00000097443.1
58944779 58954577 20 58953094 58968011 ENSMUSG00000097443.1
59010763 59024338 42 58958382 59012017 ENSMUSG00000020986.13
59010763 59024338 42 59013392 59028470 ENSMUSG00000060121.15
59038903 59045223 21 59040334 59040525 ENSMUSG00000065232.1
59038903 59045223 21 59043092 59061461 ENSMUSG00000020993.8
59103825 59119758 89 59095798 59109130 ENSMUSG00000035349.5
59136492 59137242 2 59129719 59191583 ENSMUSG00000021000.15
59188361 59198999 29 59129719 59191583 ENSMUSG00000021000.15
59214780 59218972 26 59200654 59219725 ENSMUSG00000035329.7
59221706 59223030 3 59200654 59219725 ENSMUSG00000035329.7
59259200 59259515 3 59237106 59237176 ENSMUSG00000098820.1
59371504 59387429 33 59291963 59292938 ENSMUSG00000098229.1
59456146 59478138 28 59291963 59292938 ENSMUSG00000098229.1
59484450 59492982 16 59665653 59665784 ENSMUSG00000077586.1
59783317 59797823 20 59672989 59673120 ENSMUSG00000077603.1
61533058 61533520 2 61523149 61858342 ENSMUSG00000035653.16
64804354 64821743 25 64786191 64787683 ENSMUSG00000091905.2
64827435 64839797 11 64786191 64787683 ENSMUSG00000091905.2
64970444 64971068 4 64965741 65022573 ENSMUSG00000035614.10
65035451 65039718 27 65036332 65063386 ENSMUSG00000035597.18
65071888 65072861 5 65062435 65073944 ENSMUSG00000020949.8
65171114 65177256 9 65132733 65172604 ENSMUSG00000047534.16
65314490 65330353 33 65405845 65405970 ENSMUSG00000077590.1
65468583 65481534 15 65530251 65530354 ENSMUSG00000088441.1
66430295 66445457 15 66469567 67222549 ENSMUSG00000034912.16
66872676 66891305 28 66469567 67222549 ENSMUSG00000034912.16
67473476 67496385 35 67489112 67489231 ENSMUSG00000065233.1
68576951 68593467 13 68600969 68601087 ENSMUSG00000084660.1
68594856 68607581 18 68600969 68601087 ENSMUSG00000084660.1
68669357 68681350 18 68600969 68601087 ENSMUSG00000084660.1
69076113 69076421 0 69141429 69142066 ENSMUSG00000083191.1
69108610 69110335 5 69141429 69142066 ENSMUSG00000083191.1
69173195 69173214 0 69168813 69179010 ENSMUSG00000034883.8
69182056 69183113 9 69182730 69184083 ENSMUSG00000049751.6
69185661 69186080 0 69184156 69186770 ENSMUSG00000043998.10
69199515 69201124 13 69197210 69199868 ENSMUSG00000097061.1
69227431 69227780 6 69201778 69228190 ENSMUSG00000020974.5
69244201 69245609 10 69241175 69284632 ENSMUSG00000051890.13
69246653 69257371 31 69241175 69284632 ENSMUSG00000051890.13
69289681 69289818 1 69241175 69284632 ENSMUSG00000051890.13
69299732 69301050 6 69296680 69310687 ENSMUSG00000020978.10
69353263 69354684 5 69311543 69357176 ENSMUSG00000020982.8
69374067 69381365 29 69372149 69375979 ENSMUSG00000044147.7
69424964 69428741 22 69372149 69375979 ENSMUSG00000044147.7
69434461 69440852 33 69372149 69375979 ENSMUSG00000044147.7
69453655 69456807 20 69372149 69375979 ENSMUSG00000044147.7
69468842 69468954 1 69561228 69561337 ENSMUSG00000095776.1
69473550 69482246 29 69561228 69561337 ENSMUSG00000095776.1
69491008 69504488 43 69561228 69561337 ENSMUSG00000095776.1
69513278 69533008 73 69561228 69561337 ENSMUSG00000095776.1
69580908 69585187 17 69577627 69583028 ENSMUSG00000049882.9
69580908 69585187 17 69583761 69681852 ENSMUSG00000034801.13
69675585 69678637 12 69583761 69681852 ENSMUSG00000034801.13
69688411 69689900 2 69690435 69724874 ENSMUSG00000020988.8
69723124 69726787 13 69690435 69724874 ENSMUSG00000020988.8
69723124 69726787 13 69724961 69744658 ENSMUSG00000054894.5
69733312 69749012 26 69724961 69744658 ENSMUSG00000054894.5
69733312 69749012 26 69746847 69790707 ENSMUSG00000020990.4
69792189 69800822 9 69790287 69840479 ENSMUSG00000020992.4
69985126 69985718 2 69965011 69987002 ENSMUSG00000021067.7
70120207 70121263 0 70011434 70111925 ENSMUSG00000021068.15
70166055 70167106 5 70154141 70183887 ENSMUSG00000090121.10
70198957 70199654 0 70190810 70231488 ENSMUSG00000021069.16
70306234 70322644 52 70244538 70347614 ENSMUSG00000021071.15
70351340 70353762 8 70244538 70347614 ENSMUSG00000021071.15
70403805 70428006 39 70453094 70468040 ENSMUSG00000021072.12
70451303 70454175 5 70453094 70468040 ENSMUSG00000021072.12
70471811 70480060 9 70453094 70468040 ENSMUSG00000021072.12
70488801 70496971 31 70453094 70468040 ENSMUSG00000021072.12
70572560 70572946 5 70673645 70673746 ENSMUSG00000088068.1
70649275 70660728 19 70673645 70673746 ENSMUSG00000088068.1
70824955 70825030 0 70825513 70902232 ENSMUSG00000048285.8
70831352 70831908 2 70825513 70902232 ENSMUSG00000048285.8
70901922 70902343 12 70825513 70902232 ENSMUSG00000048285.8
70937448 70938731 5 70937856 70964718 ENSMUSG00000021076.5
70966111 70966493 0 70937856 70964718 ENSMUSG00000021076.5
70992476 71003414 30 70974620 70996347 ENSMUSG00000060073.9
70992476 71003414 30 70991614 71015832 ENSMUSG00000085622.8
71013728 71014165 0 70991614 71015832 ENSMUSG00000085622.8
71103014 71104116 10 71015989 71098592 ENSMUSG00000048118.17
71118750 71118791 1 71111427 71123222 ENSMUSG00000021078.4
71323836 71324549 1 71317620 71321660 ENSMUSG00000087109.1
71390952 71396762 15 71383153 71384208 ENSMUSG00000100668.1
71441524 71446170 6 71383153 71384208 ENSMUSG00000100668.1
71498564 71498999 5 71383153 71384208 ENSMUSG00000100668.1
71574553 71588738 45 71724651 71724954 ENSMUSG00000084463.1
71615750 71621716 21 71724651 71724954 ENSMUSG00000084463.1
71625298 71648011 78 71724651 71724954 ENSMUSG00000084463.1
71656830 71670475 42 71724651 71724954 ENSMUSG00000084463.1
71680771 71694434 27 71724651 71724954 ENSMUSG00000084463.1
71718006 71735507 22 71724651 71724954 ENSMUSG00000084463.1
71741184 71755355 46 71724651 71724954 ENSMUSG00000084463.1
71763004 71764147 5 71724651 71724954 ENSMUSG00000084463.1
71791297 71792755 5 71831077 71992367 ENSMUSG00000034574.9
71815652 71815691 2 71831077 71992367 ENSMUSG00000034574.9
71834348 71840175 29 71831077 71992367 ENSMUSG00000034574.9
71995352 71996016 7 71831077 71992367 ENSMUSG00000034574.9
72017856 72028031 27 71831077 71992367 ENSMUSG00000034574.9
72029179 72045042 26 72069617 72070991 ENSMUSG00000043398.4
72051156 72051514 3 72069617 72070991 ENSMUSG00000043398.4
72069904 72071161 30 72069617 72070991 ENSMUSG00000043398.4
72080663 72082176 7 72073427 72085439 ENSMUSG00000019718.8
72088700 72088904 1 72085588 72101461 ENSMUSG00000005078.16
72113840 72123751 16 72101291 72185029 ENSMUSG00000021086.4
72131130 72159750 58 72101291 72185029 ENSMUSG00000021086.4
72189941 72203035 28 72101291 72185029 ENSMUSG00000021086.4
72209180 72209675 4 72211751 72409054 ENSMUSG00000021087.17
72242611 72243178 4 72211751 72409054 ENSMUSG00000021087.17
72299640 72307377 10 72211751 72409054 ENSMUSG00000021087.17
72423077 72423553 2 72211751 72409054 ENSMUSG00000021087.17
72449735 72454404 28 72441865 72514334 ENSMUSG00000021090.15
72494739 72516135 70 72441865 72514334 ENSMUSG00000021090.15
72522562 72524530 6 72441865 72514334 ENSMUSG00000021090.15
72617819 72638068 27 72605645 72649661 ENSMUSG00000109482.1
72762914 72764532 5 72761210 72794940 ENSMUSG00000021096.10
72859241 72870137 13 72881108 72940774 ENSMUSG00000021098.14
72871803 72889297 24 72881108 72940774 ENSMUSG00000021098.14
72916127 72927129 19 72881108 72940774 ENSMUSG00000021098.14
73001726 73007520 24 73040014 73053887 ENSMUSG00000051367.8
73011729 73019760 31 73040014 73053887 ENSMUSG00000051367.8
73022311 73034145 32 73040014 73053887 ENSMUSG00000051367.8
73085043 73085707 3 73099608 73113456 ENSMUSG00000034460.9
73125974 73126334 1 73123716 73273988 ENSMUSG00000021103.12
73284832 73288033 12 73280409 73286711 ENSMUSG00000034442.10
73284832 73288033 12 73286778 73354049 ENSMUSG00000044712.15
73361230 73362517 8 73364074 73371445 ENSMUSG00000056359.5
73453215 73456675 18 73364074 73371445 ENSMUSG00000056359.5
73569673 73571603 7 73584796 73778185 ENSMUSG00000021108.17
73726137 73726774 4 73584796 73778185 ENSMUSG00000021108.17
73769747 73770459 2 73584796 73778185 ENSMUSG00000021108.17
73786338 73797049 32 73584796 73778185 ENSMUSG00000021108.17
73905698 73910299 4 73901374 73947530 ENSMUSG00000021109.13
73947775 73948871 6 73926480 73949785 ENSMUSG00000087700.1
73965298 73967385 10 73964529 73984820 ENSMUSG00000021113.4
73994386 73999362 13 73997760 74267916 ENSMUSG00000044912.9
74004932 74010634 17 73997760 74267916 ENSMUSG00000044912.9
74282309 74282590 2 74284241 74295945 ENSMUSG00000071265.10
74311212 74327094 17 74315109 74316394 ENSMUSG00000079061.3
74388712 74406171 26 74315109 74316394 ENSMUSG00000079061.3
75067743 75097463 38 74897216 75177332 ENSMUSG00000034402.2
75168159 75187484 37 74897216 75177332 ENSMUSG00000034402.2
75307977 75343953 83 75308321 75401456 ENSMUSG00000046768.13
75401912 75402711 2 75308321 75401456 ENSMUSG00000046768.13
75438337 75448887 23 75450882 75596200 ENSMUSG00000021051.9
75592092 75594229 13 75450882 75596200 ENSMUSG00000021051.9
75618486 75619350 4 75630289 75637769 ENSMUSG00000100259.1
75667555 75676562 26 75630595 75669537 ENSMUSG00000045690.8
75709782 75713640 16 75714247 75735729 ENSMUSG00000021054.5
75721044 75729239 37 75714247 75735729 ENSMUSG00000021054.5
75822754 75823989 7 75818133 76110926 ENSMUSG00000063450.14
76067324 76073508 16 75818133 76110926 ENSMUSG00000063450.14
76157116 76157153 0 76120418 76177259 ENSMUSG00000021055.13
76158266 76164703 15 76120418 76177259 ENSMUSG00000021055.13
76213802 76222480 15 76198691 76246746 ENSMUSG00000021056.7
76236794 76252123 25 76198691 76246746 ENSMUSG00000021056.7
76253294 76258234 13 76255231 76319820 ENSMUSG00000021048.6
76335649 76356493 87 76347781 76369602 ENSMUSG00000056459.14
76366458 76367329 3 76347781 76369602 ENSMUSG00000056459.14
76443367 76443641 3 76444559 76451336 ENSMUSG00000073000.2
76535197 76538643 29 76533559 76579039 ENSMUSG00000052609.8
76546197 76551368 23 76533559 76579039 ENSMUSG00000052609.8
76615882 76616176 9 76580487 76710547 ENSMUSG00000021061.15
76626135 76626575 7 76580487 76710547 ENSMUSG00000021061.15
76775972 76782365 37 76765537 76783180 ENSMUSG00000090258.7
76775972 76782365 37 76765588 76921412 ENSMUSG00000033373.16
76844624 76845538 8 76765588 76921412 ENSMUSG00000033373.16
76947640 76949860 6 76937268 76962248 ENSMUSG00000059436.12
76984046 76986564 8 76937268 76962248 ENSMUSG00000059436.12
77025541 77040883 44 76937268 76962248 ENSMUSG00000059436.12
77102514 77116818 17 77116364 77116432 ENSMUSG00000093114.1
77209608 77225021 41 77238103 77476338 ENSMUSG00000021065.15
77242073 77243543 0 77238103 77476338 ENSMUSG00000021065.15
77480276 77483768 13 77238103 77476338 ENSMUSG00000021065.15
77518122 77518570 3 77238103 77476338 ENSMUSG00000021065.15
77687784 77706284 39 77814679 77814809 ENSMUSG00000077707.1
77710804 77722907 27 77814679 77814809 ENSMUSG00000077707.1
77732053 77733824 7 77814679 77814809 ENSMUSG00000077707.1
77776275 77784345 23 77814679 77814809 ENSMUSG00000077707.1
77807249 77807305 0 77814679 77814809 ENSMUSG00000077707.1
77847217 77857865 34 77814679 77814809 ENSMUSG00000077707.1
77887704 77897293 16 77814679 77814809 ENSMUSG00000077707.1
77902499 77913607 22 77814679 77814809 ENSMUSG00000077707.1
78083464 78083840 0 78165545 78165666 ENSMUSG00000088039.1
78089597 78103303 21 78165545 78165666 ENSMUSG00000088039.1
78194533 78210532 27 78197173 78209029 ENSMUSG00000099418.2
78222844 78232431 46 78226654 78684767 ENSMUSG00000047454.11
78751611 78752443 3 78748946 78840711 ENSMUSG00000021112.8
78864369 78864481 1 78861818 78887010 ENSMUSG00000021116.9
79085152 79092996 21 79080672 79089670 ENSMUSG00000021120.10
79128269 79132762 9 79130776 79156301 ENSMUSG00000021125.6
79169592 79174023 7 79156016 79172667 ENSMUSG00000021124.13
79188756 79204493 33 79174336 79192293 ENSMUSG00000066441.14
79294727 79300765 18 79232346 79296282 ENSMUSG00000066440.4
79294727 79300765 18 79297350 79508656 ENSMUSG00000059060.13
79367611 79385741 51 79297350 79508656 ENSMUSG00000059060.13
79428966 79444853 60 79297350 79508656 ENSMUSG00000059060.13
79526858 79550300 52 79297350 79508656 ENSMUSG00000059060.13
79655927 79660623 26 79297350 79508656 ENSMUSG00000059060.13
79687982 79688425 1 79297350 79508656 ENSMUSG00000059060.13
79699072 79699775 7 79297350 79508656 ENSMUSG00000059060.13
79807270 79814182 35 79963567 79963872 ENSMUSG00000101696.1
79816013 79827597 43 79963567 79963872 ENSMUSG00000101696.1
79844438 79846294 9 79963567 79963872 ENSMUSG00000101696.1
79877226 79883898 15 79963567 79963872 ENSMUSG00000101696.1
79953156 79958293 17 79963567 79963872 ENSMUSG00000101696.1
80305535 80315464 18 80335846 80436601 ENSMUSG00000049106.6
80435366 80437135 13 80335846 80436601 ENSMUSG00000049106.6
80461940 80465007 2 80463094 80498135 ENSMUSG00000032705.8
80512950 80513347 2 80509950 80518916 ENSMUSG00000097801.1
80531890 80550598 70 80518989 80603896 ENSMUSG00000021130.7
80568484 80569907 5 80518989 80603896 ENSMUSG00000021130.7
80624431 80632228 38 80622829 80622933 ENSMUSG00000089074.1
80637623 80638171 4 80634021 80644341 ENSMUSG00000021131.13
80683558 80683762 1 80644214 80683341 ENSMUSG00000048833.8
80839042 80858799 33 80790531 80880832 ENSMUSG00000021133.8
80882548 80893672 14 80885548 80887674 ENSMUSG00000097369.1
80942561 80942888 4 80945503 80950507 ENSMUSG00000021134.17
80947276 80948498 22 80945503 80950507 ENSMUSG00000021134.17
80961179 80969092 25 80953184 80968079 ENSMUSG00000021135.7
80977904 80978785 1 80953184 80968079 ENSMUSG00000021135.7
81016028 81021243 28 81026807 81186414 ENSMUSG00000021136.13
81082746 81083430 3 81026807 81186414 ENSMUSG00000021136.13
81234830 81250280 46 81197914 81333180 ENSMUSG00000079055.10
81234830 81250280 46 81228283 81243258 ENSMUSG00000098128.1
81279611 81280886 3 81197914 81333180 ENSMUSG00000079055.10
81284967 81298987 28 81197914 81333180 ENSMUSG00000079055.10
81339435 81343575 13 81197914 81333180 ENSMUSG00000079055.10
81481801 81485867 3 81358859 81532905 ENSMUSG00000021139.17
81481801 81485867 3 81359025 81485127 ENSMUSG00000091803.7
81592188 81600043 19 81573556 81595008 ENSMUSG00000002679.14
81625839 81629782 23 81631368 81664941 ENSMUSG00000042734.5
81651201 81663289 24 81631368 81664941 ENSMUSG00000042734.5
81715905 81716553 4 81714949 81781170 ENSMUSG00000042724.7
81777961 81778092 1 81714949 81781170 ENSMUSG00000042724.7
81789999 81791532 10 81714949 81781170 ENSMUSG00000042724.7
81862332 81863163 10 81860029 82000924 ENSMUSG00000021140.8
82082194 82085606 13 82150467 82150563 ENSMUSG00000064714.1
82118986 82132929 32 82150467 82150563 ENSMUSG00000064714.1
82135331 82135656 2 82150467 82150563 ENSMUSG00000064714.1
82174678 82175463 2 82170015 82451782 ENSMUSG00000042700.15
82331451 82340547 24 82170015 82451782 ENSMUSG00000042700.15
82450051 82460722 23 82170015 82451782 ENSMUSG00000042700.15
82533295 82534406 8 82543946 82544189 ENSMUSG00000091668.2
82538947 82538978 0 82543946 82544189 ENSMUSG00000091668.2
82577803 82578097 0 82585357 82585460 ENSMUSG00000084705.1
82607069 82609402 6 82588291 83162056 ENSMUSG00000021219.16
82643064 82643248 0 82588291 83162056 ENSMUSG00000021219.16
82675574 82678785 8 82588291 83162056 ENSMUSG00000021219.16
82706791 82715485 10 82588291 83162056 ENSMUSG00000021219.16
82716725 82731519 30 82588291 83162056 ENSMUSG00000021219.16
82742653 82757532 24 82588291 83162056 ENSMUSG00000021219.16
82760228 82783699 36 82588291 83162056 ENSMUSG00000021219.16
82760228 82783699 36 82772319 82772456 ENSMUSG00000104848.1
82760228 82783699 36 82772320 82772456 ENSMUSG00000077630.1
82791597 82803024 20 82588291 83162056 ENSMUSG00000021219.16
82807149 82829245 38 82588291 83162056 ENSMUSG00000021219.16
82871657 82881590 26 82588291 83162056 ENSMUSG00000021219.16
82915116 82924369 14 82588291 83162056 ENSMUSG00000021219.16
82926086 82931435 17 82588291 83162056 ENSMUSG00000021219.16
82959370 82965149 14 82588291 83162056 ENSMUSG00000021219.16
82959370 82965149 14 82959846 82961157 ENSMUSG00000102249.1
83066921 83073417 20 82588291 83162056 ENSMUSG00000021219.16
83066921 83073417 20 83063391 83098874 ENSMUSG00000102029.1
83130793 83130952 3 82588291 83162056 ENSMUSG00000021219.16
83175621 83195624 34 82588291 83162056 ENSMUSG00000021219.16
83196768 83210738 25 83213744 83487716 ENSMUSG00000021221.15
83484382 83484519 1 83213744 83487716 ENSMUSG00000021221.15
83549089 83553726 32 83546940 83597147 ENSMUSG00000042628.7
83592569 83595283 11 83546940 83597147 ENSMUSG00000042628.7
83625744 83625850 0 83620209 83621174 ENSMUSG00000097703.1
83629789 83635098 9 83631235 83683123 ENSMUSG00000010608.15
83629789 83635098 9 83631833 83633833 ENSMUSG00000099708.1
83686706 83686721 1 83688202 83735199 ENSMUSG00000019969.13
83692054 83692978 9 83688202 83735199 ENSMUSG00000019969.13
83748374 83753908 24 83763633 83792382 ENSMUSG00000021223.13
83919535 83920321 4 83794033 83921934 ENSMUSG00000021224.14
83947567 83947879 2 83950607 83952953 ENSMUSG00000046791.7
83952286 83954426 16 83950607 83952953 ENSMUSG00000046791.7
83982428 83989195 13 83954498 83984852 ENSMUSG00000090843.2
83982428 83989195 13 83987860 83993873 ENSMUSG00000021226.7
84027023 84036323 48 84038378 84044723 ENSMUSG00000052392.4
84050599 84051016 5 84039468 84053807 ENSMUSG00000097762.1
84117935 84119076 4 84114365 84147498 ENSMUSG00000042523.12
84145074 84149910 11 84114365 84147498 ENSMUSG00000042523.12
84145074 84149910 11 84146130 84148489 ENSMUSG00000054383.2
84145074 84149910 11 84149175 84218881 ENSMUSG00000042507.14
84151113 84155181 25 84149175 84218881 ENSMUSG00000042507.14
84159705 84160092 4 84149175 84218881 ENSMUSG00000042507.14
84261352 84263178 7 84258331 84258973 ENSMUSG00000042962.4
84265310 84278495 23 84258331 84258973 ENSMUSG00000042962.4
84283333 84287183 15 84285231 84315832 ENSMUSG00000072946.12
84315244 84317970 3 84285231 84315832 ENSMUSG00000072946.12
84315244 84317970 3 84316858 84343830 ENSMUSG00000042472.10
84367140 84367190 2 84361656 84373796 ENSMUSG00000021235.13
84404134 84404529 3 84373856 84409029 ENSMUSG00000021236.16
84418334 84418337 0 84409070 84433780 ENSMUSG00000057265.12
84418334 84418337 0 84417195 84418578 ENSMUSG00000098134.1
84448515 84455059 19 84430722 84450950 ENSMUSG00000021238.10
84448515 84455059 19 84451507 84531533 ENSMUSG00000085793.1
84471750 84488568 71 84451507 84531533 ENSMUSG00000085793.1
84535350 84538877 15 84451507 84531533 ENSMUSG00000085793.1
84573758 84574809 0 84569761 84595457 ENSMUSG00000021239.12
84592061 84592233 1 84569761 84595457 ENSMUSG00000021239.12
84637715 84646863 20 84641018 84651455 ENSMUSG00000071235.11
84650234 84650326 5 84641018 84651455 ENSMUSG00000071235.11
84678162 84680132 11 84677277 84698807 ENSMUSG00000071234.2
84706059 84719098 53 84677277 84698807 ENSMUSG00000071234.2
84764965 84786890 77 84754559 84773112 ENSMUSG00000021242.8
84764965 84786890 77 84773269 84775089 ENSMUSG00000021241.6
84764965 84786890 77 84783211 84876532 ENSMUSG00000002020.15
84813456 84814197 7 84783211 84876532 ENSMUSG00000002020.15
84908045 84908668 4 84918147 84919238 ENSMUSG00000092006.1
84908045 84908668 4 84918147 84970900 ENSMUSG00000042350.13
84967119 84972899 15 84918147 84970900 ENSMUSG00000042350.13
84967119 84972899 15 84970896 84983303 ENSMUSG00000021243.14
84994674 84997430 2 84996320 85070515 ENSMUSG00000021244.15
85138725 85141461 7 85135595 85151264 ENSMUSG00000019235.8
85142253 85142370 2 85135595 85151264 ENSMUSG00000019235.8
85157919 85159089 14 85135595 85151264 ENSMUSG00000019235.8
85216768 85221499 14 85219480 85226628 ENSMUSG00000004788.11
85269581 85274322 17 85234528 85270591 ENSMUSG00000021245.14
85269581 85274322 17 85272397 85288438 ENSMUSG00000008822.15
85279029 85279056 0 85272397 85288438 ENSMUSG00000008822.15
85297202 85297689 2 85288590 85299358 ENSMUSG00000045064.4
85336535 85340326 10 85299513 85339362 ENSMUSG00000034290.9
85415945 85416523 4 85340613 85374717 ENSMUSG00000021248.8
85476422 85476905 10 85473889 85477273 ENSMUSG00000021250.13
85505569 85517707 27 85473889 85477273 ENSMUSG00000021250.13
85527468 85537281 33 85473889 85477273 ENSMUSG00000021250.13
85538978 85539142 5 85599104 85639878 ENSMUSG00000034271.15
85583649 85583899 3 85599104 85639878 ENSMUSG00000034271.15
85648620 85649520 5 85599104 85639878 ENSMUSG00000034271.15
85651624 85651730 2 85599104 85639878 ENSMUSG00000034271.15
85715686 85722942 16 85718476 85718595 ENSMUSG00000075973.1
85715686 85722942 16 85718502 85718563 ENSMUSG00000106297.1
85822741 85826084 2 85815447 85824550 ENSMUSG00000021252.11
85822741 85826084 2 85824658 86061893 ENSMUSG00000012609.18
86172318 86172745 1 86169340 86195102 ENSMUSG00000097543.1
86197229 86201760 23 86169340 86195102 ENSMUSG00000097543.1
86240195 86243109 4 86241889 86291414 ENSMUSG00000021254.8
86390931 86401311 61 86361116 86521628 ENSMUSG00000021255.17
86482295 86495911 55 86361116 86521628 ENSMUSG00000021255.17
86498603 86506766 20 86361116 86521628 ENSMUSG00000021255.17
86570498 86570678 0 86361116 86521628 ENSMUSG00000021255.17
86604350 86608273 16 86651169 86651254 ENSMUSG00000098423.1
86633989 86634815 2 86651169 86651254 ENSMUSG00000098423.1
86689969 86690026 0 86678699 86692091 ENSMUSG00000021256.5
86754143 86754318 2 86734382 86763795 ENSMUSG00000059114.7
86757964 86758206 1 86734382 86763795 ENSMUSG00000059114.7
86776117 86776544 1 86734382 86763795 ENSMUSG00000059114.7
86817470 86832004 43 86809956 86810258 ENSMUSG00000088403.1
86863284 86874595 39 86880702 86884814 ENSMUSG00000034168.6
86962353 86962660 2 86947042 86965362 ENSMUSG00000034157.12
86980815 86981200 2 86983380 86988676 ENSMUSG00000048483.5
87005986 87006204 1 87021339 87090043 ENSMUSG00000034145.14
87006545 87008359 13 87021339 87090043 ENSMUSG00000034145.14
87031643 87034070 12 87021339 87090043 ENSMUSG00000034145.14
87054330 87057124 21 87021339 87090043 ENSMUSG00000034145.14
87074776 87081883 23 87021339 87090043 ENSMUSG00000034145.14
87146089 87148757 6 87106865 87147902 ENSMUSG00000034126.4
87146089 87148757 6 87147706 87164721 ENSMUSG00000021033.10
87197387 87197880 4 87166241 87200229 ENSMUSG00000034111.5
87263819 87268451 18 87238874 87266286 ENSMUSG00000021038.16
87263819 87268451 18 87266745 87273997 ENSMUSG00000021037.6
87263819 87268451 18 87266857 87266933 ENSMUSG00000106561.1
87294006 87294341 5 87278637 87299705 ENSMUSG00000050671.12
87321324 87332556 34 87305057 87388355 ENSMUSG00000021036.10
87321324 87332556 34 87332487 87335655 ENSMUSG00000097667.1
87440979 87445487 15 87425839 87444017 ENSMUSG00000079036.10
87440979 87445487 15 87443895 87452206 ENSMUSG00000021040.15
87468469 87469241 3 87449935 87472299 ENSMUSG00000021039.8
87499871 87523485 39 87514315 87518266 ENSMUSG00000079034.2
87578586 87588741 34 87602687 87608845 ENSMUSG00000096576.1
87758784 87762637 8 87772424 87775755 ENSMUSG00000095724.1
87800347 87819853 15 87816576 87820676 ENSMUSG00000079031.1
87852645 87869071 22 87874071 87877859 ENSMUSG00000072905.5
87875425 87898930 38 87874071 87877859 ENSMUSG00000072905.5
87875425 87898930 38 87895369 87895804 ENSMUSG00000071217.6
87958776 87973564 13 87954079 87960672 ENSMUSG00000096276.8
87958776 87973564 13 87973527 87980224 ENSMUSG00000079030.2
88246645 88264340 41 88249665 88250100 ENSMUSG00000095799.1
88466274 88467972 11 88360553 88461719 ENSMUSG00000021044.14
88548098 88559699 17 88360553 88461719 ENSMUSG00000021044.14
88571122 88585331 26 88360553 88461719 ENSMUSG00000021044.14
89148073 89162335 20 88722875 90334935 ENSMUSG00000066392.11
89178979 89194014 32 88722875 90334935 ENSMUSG00000066392.11
89810429 89824282 13 88722875 90334935 ENSMUSG00000066392.11
90214381 90225455 12 88722875 90334935 ENSMUSG00000066392.11
90327362 90336093 16 88722875 90334935 ENSMUSG00000066392.11
90812473 90831226 19 90753207 90969768 ENSMUSG00000097071.1
90812473 90831226 19 90815196 90815325 ENSMUSG00000089439.1
91405402 91437190 92 91400993 91540509 ENSMUSG00000020963.14
91492070 91505245 30 91400993 91540509 ENSMUSG00000020963.14
91580396 91585495 25 91555915 91590487 ENSMUSG00000020962.13
91596876 91601472 9 91555915 91590487 ENSMUSG00000020962.13
91603101 91603404 3 91555915 91590487 ENSMUSG00000020962.13
91636967 91640088 21 91638541 91788387 ENSMUSG00000020961.14
91805439 91806405 11 91806042 91849157 ENSMUSG00000020964.14
91848288 91856885 14 91806042 91849157 ENSMUSG00000020964.14
91867695 91876616 25 91890895 91891273 ENSMUSG00000066389.1
91877771 91892959 25 91890895 91891273 ENSMUSG00000066389.1
92269576 92283351 16 91968398 91969577 ENSMUSG00000098159.1
92882628 92886548 11 93746501 93746662 ENSMUSG00000065303.1
95688520 95688647 1 95692225 95785215 ENSMUSG00000047414.6
97779149 97787566 22 97371033 97371113 ENSMUSG00000088448.1
97894116 97908012 27 98202303 98259459 ENSMUSG00000021003.9
97936390 97944434 19 98202303 98259459 ENSMUSG00000021003.9
97985641 98008553 23 98202303 98259459 ENSMUSG00000021003.9
98020913 98022396 9 98202303 98259459 ENSMUSG00000021003.9
98140471 98173053 37 98202303 98259459 ENSMUSG00000021003.9
98198899 98201241 12 98202303 98259459 ENSMUSG00000021003.9
98257627 98260368 16 98202303 98259459 ENSMUSG00000021003.9
98476334 98477376 0 98433993 98577940 ENSMUSG00000033854.9
98507148 98508953 17 98433993 98577940 ENSMUSG00000033854.9
98555715 98560398 17 98433993 98577940 ENSMUSG00000033854.9
98590760 98591135 2 98599032 98599095 ENSMUSG00000089351.1
98629508 98629578 0 98628156 98669815 ENSMUSG00000021007.13
98728017 98730774 18 98676740 98737405 ENSMUSG00000021009.14
98742957 98743018 0 98746967 98787774 ENSMUSG00000021012.15
98748556 98749637 4 98746967 98787774 ENSMUSG00000021012.15
98912139 98922530 20 98920573 98983238 ENSMUSG00000021013.15
98989791 99004909 30 98920573 98983238 ENSMUSG00000021013.15
99072214 99084693 61 99047229 99047577 ENSMUSG00000062582.5
99109857 99110693 6 99047229 99047577 ENSMUSG00000062582.5
99164637 99164946 2 99190077 99191484 ENSMUSG00000099597.1
99170574 99177296 27 99190077 99191484 ENSMUSG00000099597.1
99352134 99352343 1 99194979 99450111 ENSMUSG00000033713.11
99352134 99352343 1 99341153 99361827 ENSMUSG00000033731.9
99389830 99395159 38 99194979 99450111 ENSMUSG00000033713.11
99562595 99565052 0 99563840 99620038 ENSMUSG00000097917.1
99570517 99574545 4 99563840 99620038 ENSMUSG00000097917.1
99642471 99643215 6 99626052 99627974 ENSMUSG00000100211.1
99657367 99658268 6 99626052 99627974 ENSMUSG00000100211.1
99661423 99662928 4 99626052 99627974 ENSMUSG00000100211.1
99681511 99689753 19 99717530 99883442 ENSMUSG00000021176.5
99691415 99701486 37 99717530 99883442 ENSMUSG00000021176.5
99877479 99880978 15 99717530 99883442 ENSMUSG00000021176.5
99885587 99885615 0 99884516 99955219 ENSMUSG00000021177.15
99961881 99961894 0 99964498 100062682 ENSMUSG00000045404.15
99969336 99969447 2 99964498 100062682 ENSMUSG00000045404.15
100111504 100113073 13 100110185 100123364 ENSMUSG00000021178.8
100157516 100157928 4 100125451 100159653 ENSMUSG00000021179.7
100190546 100194816 19 100187967 100193540 ENSMUSG00000072884.10
100259015 100259102 0 100300770 100520822 ENSMUSG00000033530.7
100268833 100273833 18 100300770 100520822 ENSMUSG00000033530.7
100519793 100521713 7 100300770 100520822 ENSMUSG00000033530.7
100720050 100722812 7 100549777 100725028 ENSMUSG00000021180.8
100805483 100824403 38 100779056 100896981 ENSMUSG00000021185.15
100833582 100833707 1 100779056 100896981 ENSMUSG00000021185.15
100856605 100865720 26 100779056 100896981 ENSMUSG00000021185.15
100856605 100865720 26 100863968 100864439 ENSMUSG00000082604.3
100885913 100892809 13 100779056 100896981 ENSMUSG00000021185.15
100885913 100892809 13 100876681 100908198 ENSMUSG00000047415.11
100899932 100909834 20 100876681 100908198 ENSMUSG00000047415.11
101023734 101024163 8 100912699 101028983 ENSMUSG00000021182.14
101717048 101721550 4 101645442 101718523 ENSMUSG00000021187.14
101832276 101832996 4 101834042 101913267 ENSMUSG00000021188.14
101903800 101904340 6 101834042 101913267 ENSMUSG00000021188.14
101916268 101918154 6 101918900 101958246 ENSMUSG00000021189.11
101955468 101960043 7 101918900 101958246 ENSMUSG00000021189.11
101978508 101980615 10 101975973 102005993 ENSMUSG00000041781.8
102015413 102028271 37 101975973 102005993 ENSMUSG00000041781.8
102215485 102217911 9 102128732 102267091 ENSMUSG00000041771.13
102242851 102243135 2 102128732 102267091 ENSMUSG00000041771.13
102466577 102471971 11 102469133 102497902 ENSMUSG00000021192.15
102555523 102555779 0 102554968 102565027 ENSMUSG00000021194.5
102628177 102637162 51 102568581 102704930 ENSMUSG00000057963.9
102732942 102733569 4 102719974 102757765 ENSMUSG00000098530.1
102746230 102746448 0 102719974 102757765 ENSMUSG00000098530.1
102746230 102746448 0 102741731 102758672 ENSMUSG00000041716.7
102746230 102746448 0 102743759 102747561 ENSMUSG00000046675.6
102756470 102756691 1 102719974 102757765 ENSMUSG00000098530.1
102756470 102756691 1 102741731 102758672 ENSMUSG00000041716.7
102756470 102756691 1 102753274 102757803 ENSMUSG00000091931.5
102759083 102760132 6 102757974 102777701 ENSMUSG00000041712.6
102875800 102876245 0 102784655 102878406 ENSMUSG00000041702.6
102955929 102956099 0 102948858 103184065 ENSMUSG00000021198.16
102983734 102984682 8 102948858 103184065 ENSMUSG00000021198.16
103031198 103032346 6 102948858 103184065 ENSMUSG00000021198.16
103045049 103051619 23 102948858 103184065 ENSMUSG00000021198.16
103100284 103100552 0 102948858 103184065 ENSMUSG00000021198.16
103105679 103117417 34 102948858 103184065 ENSMUSG00000021198.16
103120759 103131562 49 102948858 103184065 ENSMUSG00000021198.16
103120759 103131562 49 103128188 103128350 ENSMUSG00000098628.1
103134768 103146526 31 102948858 103184065 ENSMUSG00000021198.16
103152398 103156641 9 102948858 103184065 ENSMUSG00000021198.16
103235034 103239100 28 103196907 103242150 ENSMUSG00000041669.15
103247393 103251368 9 103196907 103242150 ENSMUSG00000041669.15
103259686 103278155 49 103196907 103242150 ENSMUSG00000041669.15
103279983 103289795 29 103310974 103317065 ENSMUSG00000096753.7
103379457 103380872 3 103388681 103406350 ENSMUSG00000021203.15
103388223 103391885 15 103388681 103406350 ENSMUSG00000021203.15
103424669 103427090 4 103407975 103425867 ENSMUSG00000041645.13
103428378 103452731 27 103434210 103440239 ENSMUSG00000064215.13
103428378 103452731 27 103442166 103443680 ENSMUSG00000079017.3
103428378 103452731 27 103450897 103457223 ENSMUSG00000021208.9
103488862 103489290 0 103450897 103457223 ENSMUSG00000021208.9
103510071 103533131 37 103532282 103613831 ENSMUSG00000021209.12
103668781 103686844 28 103668807 103676139 ENSMUSG00000071179.8
103687904 103696174 13 103688043 103695529 ENSMUSG00000021081.12
103698246 103719038 28 103699527 103704619 ENSMUSG00000090478.1
103698246 103719038 28 103714548 103716697 ENSMUSG00000091355.1
103727781 103748667 15 103728155 103830373 ENSMUSG00000071178.11
103727781 103748667 15 103744029 103754733 ENSMUSG00000090989.1
103804682 103855783 55 103728155 103830373 ENSMUSG00000071178.11
103804682 103855783 55 103817855 103822243 ENSMUSG00000090555.1
103804682 103855783 55 103834649 103842339 ENSMUSG00000091902.1
103804682 103855783 55 103853588 103863562 ENSMUSG00000066366.14
103857317 103872968 16 103853588 103863562 ENSMUSG00000066366.14
103857317 103872968 16 103867845 103881511 ENSMUSG00000091307.1
103883340 103908878 29 103894925 103904887 ENSMUSG00000079015.2
103883340 103908878 29 103895896 103898784 ENSMUSG00000086432.1
103937089 103941281 2 103946930 103958975 ENSMUSG00000072849.10
103979924 103986467 12 103980242 103989957 ENSMUSG00000063232.16
103979924 103986467 12 103984791 103996579 ENSMUSG00000093753.1
104032007 104036184 12 104028768 104044443 ENSMUSG00000041567.3
104054069 104063095 15 104028768 104044443 ENSMUSG00000041567.3
104095305 104106250 17 104101112 104106137 ENSMUSG00000041550.4
104208523 104229235 24 104214543 104221129 ENSMUSG00000066363.12
104208523 104229235 24 104228916 104230003 ENSMUSG00000101862.1
104385046 104404308 23 104338485 104394257 ENSMUSG00000079012.11
104405635 104412526 15 104406728 104414329 ENSMUSG00000021091.8
104442183 104443334 0 104419272 104419400 ENSMUSG00000077398.1
104472377 104474092 10 104471208 104473330 ENSMUSG00000021095.5
104563567 104564465 1 104474487 104477489 ENSMUSG00000056606.2
104570917 104583699 40 104474487 104477489 ENSMUSG00000056606.2
104627611 104629096 3 104687741 104751952 ENSMUSG00000041415.9
104633299 104634149 5 104687741 104751952 ENSMUSG00000041415.9
104652463 104654041 8 104687741 104751952 ENSMUSG00000041415.9
104724660 104732915 21 104687741 104751952 ENSMUSG00000041415.9
104778984 104780014 5 104763113 104865076 ENSMUSG00000021097.14
104884301 104895411 49 104865329 104871524 ENSMUSG00000021101.1
104912994 104913246 1 104925500 104926142 ENSMUSG00000100975.1
104995065 105003474 15 104929948 105009809 ENSMUSG00000054150.11
105014121 105022881 42 104929948 105009809 ENSMUSG00000054150.11
105030069 105030733 8 105031074 105031349 ENSMUSG00000088789.1
105038456 105039844 18 105032688 105040910 ENSMUSG00000021102.3
105080118 105080566 1 105032688 105040910 ENSMUSG00000021102.3
105082638 105084238 7 105032688 105040910 ENSMUSG00000021102.3
105219907 105228001 26 105216749 105222793 ENSMUSG00000041359.14
105286836 105294149 26 105336593 105383932 ENSMUSG00000097929.7
105368074 105368571 1 105336593 105383932 ENSMUSG00000097929.7
105390630 105396412 15 105336593 105383932 ENSMUSG00000097929.7
105416293 105434146 60 105453855 105493095 ENSMUSG00000094910.1
105468634 105470940 20 105453855 105493095 ENSMUSG00000094910.1
105487478 105494270 26 105453855 105493095 ENSMUSG00000094910.1
105497132 105497332 1 105453855 105493095 ENSMUSG00000094910.1
105527117 105528736 9 105453855 105493095 ENSMUSG00000094910.1
105530033 105537715 32 105563171 105593071 ENSMUSG00000021070.5
105540508 105549041 14 105563171 105593071 ENSMUSG00000021070.5
105574631 105574998 4 105563171 105593071 ENSMUSG00000021070.5
105584908 105584932 2 105563171 105593071 ENSMUSG00000021070.5
105593662 105595183 8 105563171 105593071 ENSMUSG00000021070.5
105596671 105597369 3 105563171 105593071 ENSMUSG00000021070.5
105606789 105607070 2 105603084 105605428 ENSMUSG00000041347.5
105673863 105674564 2 105613538 105685241 ENSMUSG00000041341.9
105688224 105689502 8 105685351 105703047 ENSMUSG00000044715.6
105733158 105744608 44 105705981 105782447 ENSMUSG00000041323.5
105754816 105764078 36 105705981 105782447 ENSMUSG00000041323.5
105776700 105781404 23 105705981 105782447 ENSMUSG00000041323.5
105932182 105932893 21 105865723 105865793 ENSMUSG00000093331.1
105953737 105953763 1 106010262 106077410 ENSMUSG00000021115.14
106102369 106110778 33 106010262 106077410 ENSMUSG00000021115.14
106123610 106133861 53 106010262 106077410 ENSMUSG00000021115.14
106134431 106139866 27 106010262 106077410 ENSMUSG00000021115.14
106178644 106185679 20 106221074 106221206 ENSMUSG00000077640.1
106225276 106236178 27 106221074 106221206 ENSMUSG00000077640.1
106260931 106262639 19 106221074 106221206 ENSMUSG00000077640.1
106302274 106302501 4 106327367 106330821 ENSMUSG00000091280.1
106350863 106361202 30 106327367 106330821 ENSMUSG00000091280.1
106364559 106384234 53 106327367 106330821 ENSMUSG00000091280.1
106481622 106481905 5 106459149 106459495 ENSMUSG00000091762.1
106507152 106507719 6 106508241 106509910 ENSMUSG00000091442.1
106526167 106531338 1 106544836 106546326 ENSMUSG00000091887.1
106549284 106549600 1 106544836 106546326 ENSMUSG00000091887.1
106550640 106552928 5 106544836 106546326 ENSMUSG00000091887.1
106592745 106604909 50 106558749 106574924 ENSMUSG00000091583.1
106607810 106624804 44 106558749 106574924 ENSMUSG00000091583.1
106634319 106643097 27 106685606 106716362 ENSMUSG00000085820.7
106656025 106674893 74 106685606 106716362 ENSMUSG00000085820.7
106678541 106692010 55 106685606 106716362 ENSMUSG00000085820.7
106715748 106733540 36 106685606 106716362 ENSMUSG00000085820.7
106762598 106780524 42 106685606 106716362 ENSMUSG00000085820.7
106799562 106799740 2 106837981 106878841 ENSMUSG00000085801.1
106803932 106817468 30 106837981 106878841 ENSMUSG00000085801.1
106824154 106835076 24 106837981 106878841 ENSMUSG00000085801.1
106839666 106849396 18 106837981 106878841 ENSMUSG00000085801.1
106873148 106880450 19 106837981 106878841 ENSMUSG00000085801.1
106899634 106908127 19 106886445 106886926 ENSMUSG00000083861.1
106954152 106957498 9 106953811 106955928 ENSMUSG00000086319.1
107046573 107058731 27 107079359 107099673 ENSMUSG00000085120.1
107214929 107226003 18 107205075 107206066 ENSMUSG00000082362.1
107245060 107246716 6 107205075 107206066 ENSMUSG00000082362.1
107295616 107315331 29 107205075 107206066 ENSMUSG00000082362.1
107363369 107368410 13 107419140 107419429 ENSMUSG00000090607.1
107487689 107491992 22 107488631 107489636 ENSMUSG00000060375.2
107525805 107526431 1 107488631 107489636 ENSMUSG00000060375.2
107554509 107555131 0 107612999 107613840 ENSMUSG00000079359.2
107578123 107584317 18 107612999 107613840 ENSMUSG00000079359.2
107585151 107592610 34 107612999 107613840 ENSMUSG00000079359.2
107633259 107635550 8 107612999 107613840 ENSMUSG00000079359.2
107664639 107674134 40 107723739 107735496 ENSMUSG00000085641.1
107691418 107701641 30 107723739 107735496 ENSMUSG00000085641.1
107708993 107729059 32 107723739 107735496 ENSMUSG00000085641.1
107823284 107837834 67 107744135 107784041 ENSMUSG00000086975.1
107888020 107888578 4 107910402 108003602 ENSMUSG00000048251.15
107902174 107904655 12 107910402 108003602 ENSMUSG00000048251.15
107915801 107916024 12 107910402 108003602 ENSMUSG00000048251.15
107927958 107928332 6 107910402 108003602 ENSMUSG00000048251.15
107941410 107942447 6 107910402 108003602 ENSMUSG00000048251.15
108025627 108032742 35 107910402 108003602 ENSMUSG00000048251.15
108065078 108075554 29 108106430 108179314 ENSMUSG00000056770.15
108084891 108091940 14 108106430 108179314 ENSMUSG00000056770.15
108093821 108103988 51 108106430 108179314 ENSMUSG00000056770.15
108180450 108181376 6 108179737 108203359 ENSMUSG00000021258.9
108272425 108273004 3 108206344 108275417 ENSMUSG00000084883.1
108310409 108312840 28 108306269 108328300 ENSMUSG00000021260.7
108327710 108330183 37 108306269 108328300 ENSMUSG00000021260.7
108327710 108330183 37 108313778 108328030 ENSMUSG00000097847.1
108557958 108558856 4 108554719 108688513 ENSMUSG00000021262.14
108699320 108699754 5 108686791 108702306 ENSMUSG00000021263.10
108776168 108776523 1 108792972 108816632 ENSMUSG00000021264.11
108781527 108783659 6 108792972 108816632 ENSMUSG00000021264.11
108837304 108838113 6 108836972 108837068 ENSMUSG00000065429.1
108892288 108897492 6 108860029 108894174 ENSMUSG00000021266.16
108892288 108897492 6 108894271 109028452 ENSMUSG00000040877.15
109032759 109035217 33 109032186 109068217 ENSMUSG00000040867.12
109032759 109035217 33 109033974 109034443 ENSMUSG00000101767.1
109047310 109048077 1 109032186 109068217 ENSMUSG00000040867.12
109063310 109065956 8 109032186 109068217 ENSMUSG00000040867.12
109080763 109088026 24 109032186 109068217 ENSMUSG00000040867.12
109090729 109098007 22 109032186 109068217 ENSMUSG00000040867.12
109134132 109144484 29 109032186 109068217 ENSMUSG00000040867.12
109318383 109331919 30 109319451 109319516 ENSMUSG00000092647.1
109318383 109331919 30 109320969 109321036 ENSMUSG00000093231.1
109396109 109397371 8 109452822 109463336 ENSMUSG00000040856.17
109471092 109471576 3 109452822 109463336 ENSMUSG00000040856.17
109488872 109489140 0 109452822 109463336 ENSMUSG00000040856.17
109509072 109509692 4 109532441 109532646 ENSMUSG00000098709.1
109534871 109535024 0 109532441 109532646 ENSMUSG00000098709.1
109547593 109547833 1 109541000 109571726 ENSMUSG00000021268.17
109960829 109966373 20 109729763 109749460 ENSMUSG00000097391.8
109969725 109976778 21 109729763 109749460 ENSMUSG00000097391.8
110011844 110017448 12 110278047 110278129 ENSMUSG00000080356.1
110090665 110093576 7 110278047 110278129 ENSMUSG00000080356.1
110123773 110146545 63 110278047 110278129 ENSMUSG00000080356.1
110166190 110167192 7 110278047 110278129 ENSMUSG00000080356.1
110171442 110185883 42 110278047 110278129 ENSMUSG00000080356.1
110213027 110227093 28 110278047 110278129 ENSMUSG00000080356.1
110243136 110253103 40 110278047 110278129 ENSMUSG00000080356.1
110277858 110277996 6 110278047 110278129 ENSMUSG00000080356.1
110314378 110332943 43 110279067 110281097 ENSMUSG00000075707.5
110368130 110369341 2 110279067 110281097 ENSMUSG00000075707.5
110381233 110383335 15 110279067 110281097 ENSMUSG00000075707.5
110402584 110408870 32 110485738 110583061 ENSMUSG00000017843.13
110427988 110428050 5 110485738 110583061 ENSMUSG00000017843.13
110449241 110449562 0 110485738 110583061 ENSMUSG00000017843.13
110592372 110592436 0 110601451 110666945 ENSMUSG00000018707.13
110597433 110597738 1 110601451 110666945 ENSMUSG00000018707.13
110695320 110695455 5 110690604 110702728 ENSMUSG00000021270.13
110754039 110755743 7 110737943 110804238 ENSMUSG00000037957.14
110812730 110817453 18 110807797 110840939 ENSMUSG00000056458.16
110837024 110837384 2 110807797 110840939 ENSMUSG00000056458.16
110851573 110852524 5 110850278 110869998 ENSMUSG00000021271.4
110886870 110894016 30 110872609 110889145 ENSMUSG00000021276.9
110886870 110894016 30 110889263 110972394 ENSMUSG00000021275.15
110976812 110979227 42 110975352 110979040 ENSMUSG00000037904.14
111015008 111015574 2 111039350 111115901 ENSMUSG00000037896.17
111035537 111038750 28 111039350 111115901 ENSMUSG00000037896.17
111123146 111123438 5 111039350 111115901 ENSMUSG00000037896.17
111148046 111148439 2 111159849 111184491 ENSMUSG00000083193.1
111167835 111168339 2 111159849 111184491 ENSMUSG00000083193.1
111167835 111168339 2 111166369 111267153 ENSMUSG00000021277.16
111269814 111270063 2 111271110 111276426 ENSMUSG00000021278.6
111458657 111459093 1 111442468 111455018 ENSMUSG00000021281.15
111497269 111497858 0 111484610 111485823 ENSMUSG00000010529.5
111539521 111542827 18 111538100 111546753 ENSMUSG00000021282.16
111539521 111542827 18 111540940 111541067 ENSMUSG00000064493.1
111548500 111549855 3 111538100 111546753 ENSMUSG00000021282.16
111679733 111680685 0 111678104 111683902 ENSMUSG00000060950.11
111711810 111712460 7 111709487 111713257 ENSMUSG00000049792.6
111743215 111743601 3 111713260 111754980 ENSMUSG00000037787.13
111812666 111812701 1 111803191 111813873 ENSMUSG00000021287.12
111954629 111958812 20 111961375 111966977 ENSMUSG00000021290.5
111961872 111965610 28 111961375 111966977 ENSMUSG00000021290.5
112108402 112113914 12 112106682 112127573 ENSMUSG00000037686.5
112108402 112113914 12 112109237 112109322 ENSMUSG00000093090.1
112108402 112113914 12 112109249 112109309 ENSMUSG00000106228.1
112129642 112130473 2 112130879 112130955 ENSMUSG00000065574.1
112153544 112153604 1 112146207 112181747 ENSMUSG00000021294.7
112154750 112172712 60 112146207 112181747 ENSMUSG00000021294.7
112179845 112181590 9 112146207 112181747 ENSMUSG00000021294.7
112206571 112207513 2 112146207 112181747 ENSMUSG00000021294.7
112297133 112304028 25 112347288 112350067 ENSMUSG00000103080.1
112318296 112321021 4 112347288 112350067 ENSMUSG00000103080.1
112338937 112339157 2 112347288 112350067 ENSMUSG00000103080.1
112339361 112340347 7 112347288 112350067 ENSMUSG00000103080.1
112383661 112390594 27 112413914 112423212 ENSMUSG00000047828.3
112393657 112397266 23 112413914 112423212 ENSMUSG00000047828.3
112418156 112418257 3 112413914 112423212 ENSMUSG00000047828.3
112441761 112444006 12 112413914 112423212 ENSMUSG00000047828.3
112446016 112448648 5 112413914 112423212 ENSMUSG00000047828.3
112499414 112507082 24 112489447 112499927 ENSMUSG00000043122.6
112499414 112507082 24 112500183 112511160 ENSMUSG00000054013.5
112549262 112550155 9 112500183 112511160 ENSMUSG00000054013.5
112578106 112579632 9 112588783 112615556 ENSMUSG00000037679.8
112615954 112616340 3 112588783 112615556 ENSMUSG00000037679.8
112643006 112646369 3 112644827 112649152 ENSMUSG00000064326.12
112681472 112681737 1 112678827 112682747 ENSMUSG00000037638.5
112688318 112688343 2 112690985 112693588 ENSMUSG00000103898.1
112712659 112712886 0 112722173 112746591 ENSMUSG00000072825.10
112723811 112723923 3 112722173 112746591 ENSMUSG00000072825.10
112750589 112758246 16 112760654 112768986 ENSMUSG00000052160.6
112776775 112782534 0 112772193 112802657 ENSMUSG00000072812.4
112827415 112827889 3 112820236 112829389 ENSMUSG00000047832.8
112870406 112870914 14 112850875 112860916 ENSMUSG00000021298.7
112885682 112885794 0 112908589 112929495 ENSMUSG00000002799.5
112893047 112903351 44 112908589 112929495 ENSMUSG00000002799.5
112927610 112927887 1 112908589 112929495 ENSMUSG00000002799.5
112931959 112932502 3 112934732 112942118 ENSMUSG00000002804.3
112997089 112998210 7 112959861 113000621 ENSMUSG00000011158.7
113017234 113019001 13 113014507 113074401 ENSMUSG00000021143.9
113078111 113082569 17 113074501 113088917 ENSMUSG00000012211.13
113096369 113103810 32 113098277 113137206 ENSMUSG00000021144.14
113143244 113144049 7 113140235 113145506 ENSMUSG00000006356.10
113157526 113157628 0 113156420 113166048 ENSMUSG00000037466.13
113175995 113184612 29 113185929 113189523 ENSMUSG00000049036.7
113185824 113188958 42 113185929 113189523 ENSMUSG00000049036.7
113208014 113208770 4 113214148 113214252 ENSMUSG00000087842.1
113248653 113271903 36 113254829 113260236 ENSMUSG00000095079.6
113248653 113271903 36 113271173 113273248 ENSMUSG00000087642.2
113701495 113717508 26 113702123 113702578 ENSMUSG00000095429.1
113701495 113717508 26 113716669 113717103 ENSMUSG00000096670.1
114278336 114290179 21 114288151 114288582 ENSMUSG00000076672.7
114892760 114913837 32 114896237 114896671 ENSMUSG00000095923.6
114892760 114913837 32 114910010 114910443 ENSMUSG00000103873.1
114987015 115018656 19 114991107 114991580 ENSMUSG00000076709.2
114987015 115018656 19 115003417 115003712 ENSMUSG00000103990.1
115317388 115341302 10 115335081 115335514 ENSMUSG00000095197.6
115576938 115585910 25 115590422 115591196 ENSMUSG00000106283.1
115992271 116000225 13 115982262 115993370 ENSMUSG00000106239.1
115992271 116000225 13 116000027 116000461 ENSMUSG00000096150.1
116045310 116051636 14 116047723 116063360 ENSMUSG00000042063.11
116101939 116101970 0 116077725 116146261 ENSMUSG00000011171.11
116146780 116157963 28 116152100 116152221 ENSMUSG00000105984.1
116261008 116261015 0 116207049 116263025 ENSMUSG00000042050.7
116286025 116294612 8 116281221 116373096 ENSMUSG00000021171.7
116404225 116406325 5 116405401 116463531 ENSMUSG00000042029.6
116505782 116514526 11 116485719 117276849 ENSMUSG00000056553.14
116505782 116514526 11 116507615 116507883 ENSMUSG00000101236.1
116516527 116533263 14 116485719 117276849 ENSMUSG00000056553.14
116563764 116576723 13 116485719 117276849 ENSMUSG00000056553.14
116578089 116609914 52 116485719 117276849 ENSMUSG00000056553.14
116578089 116609914 52 116597252 116597550 ENSMUSG00000101814.1
116618301 116629207 24 116485719 117276849 ENSMUSG00000056553.14
117333396 117342457 8 117234520 117337022 ENSMUSG00000101930.1
117435449 117447719 36 117516478 117756978 ENSMUSG00000041992.8
117504262 117516647 25 117516478 117756978 ENSMUSG00000041992.8
117535374 117535758 0 117516478 117756978 ENSMUSG00000041992.8
117771612 117775654 8 117516478 117756978 ENSMUSG00000041992.8
117842470 117844970 7 117804288 117878706 ENSMUSG00000021175.15
118194393 118208523 26 117877981 118199043 ENSMUSG00000018581.15
118299171 118305417 20 118234932 118301440 ENSMUSG00000025323.9
118367954 118380799 20 118234932 118301440 ENSMUSG00000025323.9
118455266 118456172 1 118504927 118505034 ENSMUSG00000065348.1
118496862 118526657 70 118504927 118505034 ENSMUSG00000065348.1
118591768 118603733 10 118504927 118505034 ENSMUSG00000065348.1
118612854 118628395 19 118504927 118505034 ENSMUSG00000065348.1
118696537 118712303 21 118753553 118753752 ENSMUSG00000088797.1
118713645 118727238 23 118753553 118753752 ENSMUSG00000088797.1
118732279 118752390 20 118753553 118753752 ENSMUSG00000088797.1
118801523 118819409 30 118846328 118852578 ENSMUSG00000048562.6
119237736 119248646 12 119158021 119238802 ENSMUSG00000025321.14
119939360 119948340 8 119945956 120019211 ENSMUSG00000048004.14
